62407 0 1 0 0
64576 1 1 1 0
58491 1 0 0 1
64503 0 1 1 0
57916 0 0 0 0
63836 0 0 1 0
64636 1 1 0 0
64494 1 0 0 0
64500 1 0 0 0
58035 1 1 0 0
61934 1 0 1 0
64588 0 1 0 0
64974 1 1 0 1
59968 0 0 0 0
64928 0 0 1 0
64578 0 0 1 1
64590 1 1 0 0
64575 1 1 1 1
64990 0 0 0 0
63840 0 1 0 0
64712 1 0 0 0
64565 1 1 1 1
64718 1 0 1 0
62406 0 0 1 1
64711 0 0 0 0
63844 0 0 0 0
64589 1 1 0 1
64730 1 1 0 0
64978 1 1 0 1
62349 0 0 0 0
60308 1 0 0 0
59917 1 0 1 0
64496 1 0 0 0
64729 1 1 1 0
64631 1 0 0 0
65347 0 0 0 0
64566 1 1 1 1
63833 0 0 1 0
63835 0 0 0 0
64587 0 0 0 0
63843 0 0 0 0
63826 1 1 1 0
63834 0 1 1 1
64615 1 1 0 0
59259 0 1 0 0
64920 0 1 0 0
64340 0 0 0 1
64567 1 0 1 1
64585 0 0 0 0
64499 1 0 1 1
58088 1 1 1 0
64719 1 1 0 0
64871 0 0 0 0
64717 0 1 1 0
64592 0 1 1 0
64584 0 0 0 0
64723 0 1 1 1
64572 1 1 1 1
64497 0 1 0 1
55815 1 1 0 0
64647 0 0 0 0
64976 0 0 1 0
64568 1 1 1 1
64569 1 1 1 1
58497 1 1 1 1
64580 1 0 1 1
59965 0 1 0 0
64716 0 0 0 0
64917 0 0 0 0
64914 1 1 0 0
56829 1 1 1 1
64924 1 1 1 0
64591 1 1 1 0
65200 0 0 0 0
64999 1 1 1 1
61833 0 0 0 0
64571 1 0 0 1
64579 0 1 1 1
64879 1 1 1 1
58039 0 1 0 1
59922 1 1 0 0
64715 0 0 0 0
55805 0 1 0 0
65571 1 1 1 0
57785 0 0 0 0
64733 0 1 0 0
64918 1 0 0 0
64869 0 0 1 0
63829 1 1 1 0
59957 0 0 0 1
64586 0 1 1 0
64627 0 1 0 1
64884 1 0 1 0
61700 0 0 0 0
59967 1 0 0 0
61932 1 1 0 1
61829 0 1 0 1
58038 1 0 1 0
64570 1 1 0 1
57781 0 0 0 0
64727 0 0 0 0
61811 0 0 0 0
64574 1 1 1 0
64343 1 0 1 1
64882 1 1 1 0
64883 0 1 1 0
58090 1 0 0 1
56827 1 0 1 0
56832 1 1 1 1
63846 0 1 0 0
64610 1 1 0 1
62694 1 1 1 1
64714 1 1 0 0
