75597 0 0 0 1 1 1 1 1 0 1 1 1 1
71546 1 1 0 0 0 1 1 1 1 1 1 0 0
75603 1 0 0 0 0 0 1 1 1 0 1 0 0
71530 0 0 0 0 0 1 1 1 0 1 1 0 1
71537 1 1 0 1 0 1 0 0 1 0 1 0 1
75860 1 0 0 0 1 0 0 1 0 0 1 1 1
75959 1 1 1 1 1 1 1 0 1 1 1 1 0
71548 0 1 0 0 0 0 0 0 1 1 1 0 1
75862 0 0 0 1 1 0 1 1 0 0 1 0 1
76320 1 0 0 0 0 0 0 0 0 1 0 1 0
71634 0 0 0 0 0 0 0 0 0 0 0 0 1
75613 0 1 0 1 0 0 1 1 0 1 1 1 1
66039 0 0 1 0 1 0 0 0 0 0 0 0 0
71613 0 0 0 1 1 1 0 0 1 0 0 0 0
65194 0 0 0 0 0 0 0 1 1 1 0 0 1
76639 0 1 1 1 1 1 0 0 0 1 1 0 1
76069 0 1 1 0 0 1 1 1 1 0 0 1 1
71606 1 0 1 0 0 0 0 0 1 0 0 1 1
71611 1 1 1 0 1 1 1 0 1 1 0 0 1
71625 1 1 1 0 0 0 1 1 0 1 0 0 1
71622 1 1 0 0 1 0 1 0 1 1 1 0 1
71600 0 1 0 0 1 1 0 0 0 0 1 1 0
71547 1 1 1 1 0 1 1 1 0 0 1 1 1
75748 0 1 0 0 0 0 0 0 0 0 0 0 0
71528 1 1 0 0 1 1 1 0 0 0 0 1 1
71602 0 1 0 0 1 0 0 1 1 1 0 1 1
71598 0 1 1 1 0 0 1 1 1 0 1 1 0
76017 0 0 0 0 1 1 1 1 1 1 0 0 0
71617 1 1 1 0 1 1 1 1 1 1 1 1 1
75741 1 1 0 1 0 1 1 1 1 1 1 0 1
75600 1 0 1 0 0 1 0 1 1 1 1 1 1
77738 1 1 1 0 1 1 1 1 1 1 1 1 1
71532 0 1 1 0 1 0 0 1 0 1 0 0 0
75601 0 0 1 1 0 1 0 0 0 1 0 0 0
74737 1 1 1 1 1 1 1 1 1 1 1 1 1
75585 1 0 1 0 0 0 0 1 1 1 1 1 1
75596 0 0 0 1 1 1 1 0 1 0 1 1 1
72351 1 1 1 0 0 0 0 1 0 0 1 1 0
71601 1 1 1 1 1 0 1 0 0 1 0 0 0
71529 1 0 0 0 1 0 1 1 1 0 0 0 0
73024 0 0 0 0 0 0 0 0 1 0 0 1 0
71533 0 0 1 0 1 0 0 0 0 0 0 1 0
75879 0 1 0 0 0 0 0 0 0 0 0 0 0
75588 1 0 1 0 0 0 1 1 1 0 0 0 1
74614 0 1 1 1 1 0 1 1 0 1 0 1 0
74804 1 1 0 0 1 0 1 0 1 1 0 1 0
71538 1 1 0 1 0 0 1 1 0 1 1 1 0
83755 1 0 0 0 0 0 0 0 0 0 0 0 0
76605 1 0 1 1 1 0 1 1 1 0 0 1 0
76593 1 0 1 1 1 1 0 0 1 1 1 1 0
75904 0 1 0 1 1 0 1 0 1 0 0 0 1
71614 0 0 1 0 0 0 0 0 0 1 1 1 0
75906 0 1 0 1 0 1 0 0 0 0 1 0 0
76319 1 1 1 1 1 1 1 1 1 1 1 1 1
71626 1 0 1 0 1 1 0 0 1 0 0 0 1
71726 1 1 1 1 1 1 1 1 1 1 1 1 1
76014 0 0 0 0 0 1 0 1 0 0 0 0 0
71609 1 0 1 1 1 0 0 1 0 0 0 1 1
61777 1 0 0 1 1 1 1 1 1 0 1 1 1
71638 0 0 1 0 1 1 1 0 0 0 1 1 1
74766 1 0 1 0 0 1 0 1 0 0 0 1 1
72361 1 1 1 0 1 1 1 1 1 1 0 1 1
72103 0 0 1 0 1 1 1 0 1 0 1 1 1
83717 0 1 1 0 1 0 0 0 1 0 1 0 1
75623 1 0 0 1 1 0 0 1 1 0 1 1 1
61683 1 1 0 1 1 1 1 1 1 1 1 1 1
83589 1 0 0 1 1 0 0 0 0 0 0 1 1
71539 0 1 1 0 1 1 1 1 0 0 0 0 0
75617 1 1 1 1 1 0 1 1 1 1 1 1 1
84726 0 0 0 0 0 0 0 0 0 0 0 1 0
75917 1 0 1 1 1 0 1 1 1 1 1 0 1
76013 0 1 0 0 1 0 0 1 0 1 1 0 0
71603 0 1 1 1 0 0 1 1 1 1 1 1 0
71736 1 1 0 0 0 0 1 1 1 1 1 1 1
76009 0 0 0 0 0 0 0 0 0 0 0 0 0
71542 0 0 1 1 0 0 1 0 1 0 1 0 0
74749 0 1 0 1 1 1 1 1 1 0 0 1 1
75606 1 1 1 1 1 1 1 0 1 1 1 0 1
65209 0 1 0 0 0 1 0 0 1 1 0 0 0
75612 1 1 1 1 1 1 1 1 1 1 1 1 1
71697 0 1 0 1 1 0 1 1 1 1 1 1 1
83986 0 0 0 0 0 1 0 0 0 0 0 0 0
75239 1 1 1 1 1 1 1 1 1 1 1 1 1
83759 0 0 1 0 0 0 0 0 1 0 0 0 1
73299 1 1 1 1 1 0 0 1 1 1 1 1 0
76589 1 1 1 1 1 1 0 1 0 1 1 1 0
71535 0 0 1 1 0 0 0 1 0 1 1 1 1
71639 1 1 1 1 0 0 1 1 1 1 1 1 1
75611 1 1 1 0 1 1 1 0 1 1 1 0 0
84516 0 0 0 0 1 1 1 0 0 1 0 1 1
75605 0 0 0 0 1 0 1 0 1 1 1 0 0
71534 1 1 1 1 1 1 1 1 1 1 1 0 1
75589 1 1 1 1 1 1 1 1 1 1 1 1 1
74800 1 1 1 1 1 1 1 1 1 1 1 1 1
75604 0 1 0 0 0 0 0 1 0 0 1 1 1
76137 1 1 0 1 1 0 1 1 1 1 1 1 1
74608 0 0 1 1 1 1 1 1 0 1 0 0 1
71536 1 0 1 0 0 0 0 0 0 1 1 0 0
71607 1 0 1 1 1 1 1 1 0 1 1 1 0
75619 0 1 1 0 0 1 0 1 1 0 0 1 0
71540 1 1 0 1 1 1 1 1 1 1 1 1 1
83714 0 0 0 0 1 0 0 1 1 1 0 0 1
75614 0 1 1 1 0 1 1 1 0 1 1 1 1
71630 1 1 1 0 1 1 1 1 1 1 1 1 1
75607 1 1 1 1 1 0 1 1 1 1 1 1 0
75781 0 0 1 1 1 1 0 0 1 0 0 0 0
