79976 0 0 1 0
77860 0 0 1 0
65037 1 1 0 1
61983 1 0 0 1
73340 1 0 1 1
79971 1 1 1 1
62049 0 1 1 0
77759 1 1 1 1
71690 0 0 0 1
52590 0 0 0 1
66320 1 0 0 0
79842 0 1 1 1
62095 1 0 1 1
79822 1 1 0 0
52593 1 0 1 0
70771 0 0 1 1
61608 1 0 1 1
79841 1 1 1 1
74314 1 0 1 0
70260 1 0 0 1
79967 1 0 1 1
75213 1 1 1 1
74293 0 1 0 1
73488 0 0 0 1
70766 1 1 1 1
61687 1 1 1 1
79843 1 0 1 0
74511 1 1 1 1
79854 1 1 0 1
71634 0 0 1 0
79969 0 1 0 1
75216 1 1 1 1
61880 1 1 1 1
81996 0 0 0 0
82758 1 1 1 1
80903 0 0 0 0
74764 1 1 1 1
73467 1 0 1 1
62052 0 0 0 0
70293 0 0 0 0
77728 1 0 1 1
62732 1 0 1 0
79835 0 0 0 1
71292 1 1 1 0
74747 1 1 0 0
75285 0 0 1 0
62718 1 0 1 1
70283 0 0 1 1
74763 1 0 1 0
62060 0 0 1 0
81379 0 1 1 0
79823 1 1 0 1
70317 0 0 0 1
70249 0 1 1 1
62722 0 0 0 1
81336 0 1 0 1
52594 0 0 0 0
81346 0 0 1 1
81368 1 0 0 0
71622 1 0 1 0
52610 0 1 0 0
81924 1 1 1 0
81857 0 1 1 1
70254 0 0 1 0
62729 1 1 1 1
52068 0 1 1 1
64510 1 1 0 0
73370 0 1 1 0
66298 0 1 1 0
62074 0 0 0 0
67037 1 1 1 1
70248 1 1 1 1
52585 1 0 0 0
70297 0 1 1 0
71591 0 0 0 0
71703 1 0 0 0
75249 1 0 0 0
74796 0 1 0 1
70300 1 1 1 1
75210 0 1 1 1
75246 1 0 0 1
74746 0 0 0 0
62011 1 1 1 0
75211 1 1 0 0
73356 0 0 0 0
79965 0 1 0 0
73335 1 1 1 1
74322 1 1 1 1
61972 0 0 1 0
67019 0 0 0 0
61867 0 0 0 0
72105 0 0 1 0
61985 0 0 0 0
77829 1 1 0 1
75747 1 1 1 0
80896 0 1 1 0
81418 0 0 1 0
73303 0 1 1 1
70314 1 1 0 0
77683 0 0 0 0
62109 0 1 0 0
82075 0 0 0 0
62511 1 0 0 1
77761 0 0 0 0
75224 0 1 1 0
62055 0 1 1 1
81367 0 0 0 0
79839 1 1 0 0
61678 0 1 0 1
75250 1 0 1 1
81412 0 1 0 1
70268 1 0 0 0
77785 1 1 1 1
56330 0 0 0 1
62005 0 0 0 0
62064 1 0 1 1
77770 1 0 1 0
81472 1 1 1 1
62050 1 1 0 0
62733 0 1 1 1
81074 1 0 0 0
66312 1 0 1 1
62688 1 1 0 1
73469 0 1 0 0
61689 1 1 1 0
52588 1 1 0 1
74552 1 1 1 0
80783 0 0 0 1
74373 1 0 1 0
74737 0 1 1 1
75753 0 1 1 0
75229 1 1 1 1
74545 0 1 1 1
52601 0 1 1 0
73322 0 0 1 1
61982 0 0 0 0
62017 1 0 0 1
53802 0 1 0 1
61876 0 0 1 0
81378 1 0 1 1
73307 1 0 1 1
71576 0 1 0 0
52604 0 0 0 0
71587 0 0 0 1
71061 0 1 1 1
61881 0 0 1 1
53982 0 0 0 0
73311 0 0 0 1
79849 1 1 1 1
79966 1 1 1 0
81342 1 1 1 1
73367 1 1 1 1
66300 1 1 0 1
72114 1 1 0 1
62730 1 1 0 0
62072 0 1 0 0
73357 0 0 0 0
73468 1 1 1 0
62277 1 1 1 0
81075 0 1 0 0
81417 1 1 1 0
75245 1 1 1 1
62066 0 0 0 1
73343 0 1 1 1
81385 0 0 1 0
74377 1 0 1 0
52587 0 1 0 0
62006 0 1 1 0
79838 0 1 1 1
52609 0 1 0 0
52589 1 1 1 1
52592 0 0 0 0
61995 1 1 1 1
77731 0 0 0 1
76593 0 0 0 0
74760 0 0 1 1
61869 0 0 0 0
79973 1 1 1 0
81372 1 0 0 1
61851 0 1 1 1
79826 1 1 0 1
80894 1 1 0 0
74344 1 1 0 1
70252 1 0 1 0
80892 0 0 1 1
71626 0 0 0 1
62692 0 0 0 0
62022 1 1 0 0
70286 1 1 1 0
70769 1 0 0 0
70279 0 1 1 0
71726 1 1 1 1
71638 0 0 0 0
74363 0 0 0 0
74282 1 1 1 0
71683 1 1 0 0
74766 0 1 1 0
72097 0 0 0 0
79850 1 0 1 0
79847 1 1 1 1
81341 1 0 1 0
73368 0 0 1 0
71914 0 1 0 0
62731 1 0 1 0
52605 1 1 1 1
70264 1 0 0 0
81885 1 1 1 1
61999 0 1 1 1
62078 1 1 1 1
62061 0 0 0 0
62007 1 0 0 1
77763 1 1 1 1
69872 1 1 1 0
81366 0 0 1 0
71584 0 0 0 0
61855 0 0 0 0
62680 0 0 1 0
62717 0 0 0 0
79837 0 0 0 0
62710 1 1 1 1
77717 1 0 1 1
81072 0 1 1 1
81416 0 1 1 1
71575 0 0 0 0
62008 0 0 1 0
71574 1 1 1 0
62019 0 0 1 0
61907 0 0 0 0
61986 0 0 0 1
74321 1 1 1 1
79827 1 1 0 1
62683 0 1 1 0
79810 1 1 1 1
61683 1 1 0 1
81419 1 1 0 0
62015 0 0 1 0
61614 1 0 1 0
62013 0 0 0 0
62009 0 0 1 0
62711 0 1 0 0
62691 0 1 1 0
62690 1 1 1 0
62028 1 0 1 1
61998 1 0 0 1
70255 1 1 1 1
52598 1 1 1 1
79817 0 1 0 1
79980 1 1 0 1
66302 0 1 1 1
81340 1 0 1 1
74801 0 1 0 0
72290 0 0 0 0
62071 1 0 1 0
79846 0 0 1 1
73320 0 1 0 0
73325 0 0 1 1
52591 1 1 1 1
52606 1 1 1 1
71629 0 0 0 0
81073 0 0 0 1
73359 1 1 1 1
66343 1 0 1 0
74290 0 0 1 1
71695 0 0 0 0
74749 0 0 0 0
80888 0 0 0 0
56496 0 0 0 1
61984 0 1 0 0
62686 1 1 1 1
79986 1 1 0 0
71589 1 0 1 1
72098 0 0 0 0
75239 0 1 1 1
77729 0 0 0 0
81415 1 0 0 1
74773 0 1 1 0
74765 1 0 0 1
75215 1 1 0 0
62025 0 1 0 0
81426 1 1 0 0
79978 1 1 1 1
62051 1 1 1 1
61629 0 1 0 1
61988 1 1 0 1
62693 0 0 1 1
67018 1 0 0 0
79970 1 1 0 1
52056 0 0 1 1
74875 1 1 0 0
62684 0 0 0 0
52080 1 1 0 0
62059 0 1 0 1
52608 1 1 0 0
71682 0 0 0 0
77743 1 0 1 1
62077 0 0 0 0
71581 1 0 0 0
71696 0 0 0 0
74715 1 0 1 0
71639 0 0 1 1
62734 0 0 1 1
66305 0 0 0 0
70262 0 1 0 0
70764 0 0 0 0
69314 0 1 0 1
79811 0 1 0 0
79852 1 0 0 1
77787 1 0 0 1
81361 1 0 0 1
81414 1 1 1 0
71592 0 1 1 1
62713 0 0 0 0
79812 1 1 1 1
73352 0 0 0 1
61979 1 1 1 1
61993 1 1 0 0
66345 0 0 0 0
81413 0 0 1 1
77719 0 1 0 0
52595 1 0 1 0
81071 1 1 1 0
62707 0 1 0 0
62469 0 1 1 1
79825 1 0 1 0
74805 1 0 1 1
73333 1 1 1 1
74608 0 0 1 1
79972 0 1 1 1
52883 0 1 0 1
74326 0 0 1 1
66314 0 0 1 1
74611 1 0 1 1
73349 1 1 1 0
62714 0 1 0 1
62027 0 0 1 1
70289 0 1 0 1
79979 1 0 1 1
64618 0 0 0 0
80884 0 1 0 0
70284 0 0 1 1
62735 0 1 1 0
70324 1 1 1 1
77751 1 1 1 1
70299 1 0 1 1
62016 0 0 1 1
52648 0 0 1 1
55616 1 1 0 1
71630 0 0 1 1
62694 1 1 1 1
61685 1 1 1 0
70311 1 0 0 0
66308 0 1 1 1
71633 1 1 1 1
