76655 0 0 0 0
70777 1 1 0 0
75227 0 0 0 0
75758 1 1 1 1
76726 0 0 1 0
75208 1 1 0 1
62470 0 1 1 1
76606 0 0 0 0
70717 0 0 0 0
70863 1 1 0 1
74538 1 1 0 1
76852 0 0 0 1
70865 1 1 1 1
70706 1 1 0 1
76643 0 1 0 0
70843 0 1 1 0
76585 0 1 0 1
72121 1 1 1 1
70785 1 1 1 0
75213 1 1 1 1
75751 1 1 1 1
76642 0 1 0 0
75254 0 1 0 0
70707 1 1 1 1
70874 0 1 0 0
71987 0 0 0 1
74511 1 1 1 1
70836 1 1 1 1
70826 0 1 1 0
76601 0 1 0 1
75525 0 1 0 1
71551 0 1 1 0
70772 1 1 1 1
76654 1 1 1 0
73668 0 1 1 0
71948 0 1 0 1
70778 0 1 1 1
71881 0 1 0 0
70835 1 1 0 0
75251 1 1 1 1
74539 0 1 1 1
71827 0 1 1 1
76639 0 0 0 0
76878 0 1 1 0
75242 1 1 0 0
74677 1 1 1 1
70864 1 1 1 1
72123 1 1 0 1
75285 0 1 0 0
76609 1 0 0 0
75750 1 0 0 1
76793 1 1 1 1
76610 0 1 1 1
70709 1 1 1 1
70786 1 1 1 1
70730 1 1 1 0
75209 0 1 1 0
70825 1 1 0 1
75249 1 1 1 1
70847 1 1 1 1
71949 0 1 0 0
75210 0 1 0 1
76645 0 1 0 0
76595 0 1 0 1
75246 0 1 0 0
72115 0 1 0 0
70867 1 0 0 0
75237 0 1 0 0
71873 1 1 1 1
75211 1 1 0 1
70704 1 1 0 1
70823 0 0 0 0
70681 0 0 0 0
70759 1 1 1 1
70846 1 1 0 1
75222 0 1 0 1
70779 0 1 1 0
70738 1 1 0 1
75224 0 1 0 1
71877 0 1 1 0
70790 1 1 0 1
75250 1 1 1 1
70750 1 1 0 0
70834 1 1 1 1
70832 1 1 0 0
75933 0 0 1 0
74615 1 1 1 1
76584 0 0 0 0
72866 0 1 0 1
70703 0 1 0 0
74552 0 1 1 1
75753 1 1 1 1
75229 1 1 1 1
64525 1 1 1 0
74545 1 1 1 1
76600 1 1 1 0
76863 1 1 0 1
71938 0 1 0 1
76705 0 1 0 0
75236 0 1 1 1
70833 1 1 1 1
75261 1 0 0 1
75253 0 1 0 1
70868 1 1 0 1
70845 0 0 1 1
70732 0 1 0 0
76607 0 1 1 1
70758 1 1 1 1
70782 1 1 1 1
71564 0 1 0 0
76594 1 1 1 1
70844 0 1 0 0
71810 0 1 0 1
62442 0 1 1 1
76644 0 1 1 0
73214 0 0 1 0
74678 1 1 1 1
75752 1 1 1 1
75245 1 1 0 1
74614 0 1 1 1
70688 1 1 1 1
76603 1 0 0 1
70831 1 1 1 0
73826 1 1 1 1
70321 0 0 0 0
76593 1 0 1 0
76605 1 1 1 1
61851 1 1 1 1
75283 0 1 1 1
71995 1 1 1 0
76614 0 0 0 0
71941 0 1 1 1
71939 0 0 0 0
70791 1 1 0 0
72131 0 1 0 1
76612 1 1 1 1
76853 1 1 1 0
75247 1 0 0 1
71876 0 1 1 0
70871 0 1 0 1
61777 1 1 1 1
75223 0 0 0 1
76141 1 1 1 1
73685 0 1 1 1
70792 1 1 0 1
74950 1 1 0 1
77078 1 1 0 1
76586 0 1 1 0
70838 1 1 0 1
73043 0 1 0 0
71984 0 1 0 0
70869 1 1 0 1
76866 1 1 1 1
70714 0 0 0 0
75255 0 1 1 1
75212 1 1 1 1
74698 1 1 1 0
70780 0 1 1 1
70731 1 1 1 1
71996 1 1 1 1
70756 1 1 0 0
76592 0 1 0 0
74535 0 1 1 0
75230 0 1 0 1
76615 1 1 0 0
76613 1 1 1 1
70773 0 1 0 0
76707 1 1 1 1
76649 0 1 0 0
70839 1 1 1 1
75289 1 1 0 0
74543 0 1 1 1
71740 0 1 1 0
76650 1 1 1 1
70682 1 1 1 0
75754 1 0 1 1
74384 0 1 1 1
76641 1 1 1 1
70829 1 1 1 1
75932 0 1 1 0
74673 1 1 1 1
75239 0 1 1 1
73522 1 1 1 1
76653 1 1 0 1
75215 0 1 1 1
65033 1 1 1 1
75225 0 1 0 1
70828 0 1 0 1
75260 0 1 1 0
75241 1 1 1 1
70775 0 1 1 0
75252 1 1 1 1
70793 0 1 0 0
76589 0 1 1 1
74676 1 1 1 1
70715 0 0 0 0
70708 0 1 0 1
76590 0 1 1 1
74542 0 1 0 0
74602 0 1 0 1
70861 0 1 1 1
76640 0 1 1 1
70734 1 1 0 0
75361 1 1 0 0
70727 1 1 1 0
76588 1 1 0 1
76648 1 1 1 0
75232 1 1 0 0
76868 0 1 0 0
69314 0 1 1 1
70729 0 0 0 0
70787 1 1 1 1
70745 1 1 1 1
76651 1 1 0 0
70687 1 1 1 1
70754 1 1 1 1
76598 0 1 1 0
75248 1 0 0 0
52128 0 1 1 0
75217 1 1 0 1
76140 1 1 1 1
70830 1 1 1 1
76881 0 1 1 1
70840 1 1 0 0
74537 0 1 0 1
70862 1 1 1 1
75220 0 0 0 0
70870 1 1 0 1
74608 1 1 1 0
76604 1 1 1 1
76851 1 1 1 1
70736 1 1 0 0
74531 0 1 0 1
74611 1 1 1 1
70827 1 1 0 1
75258 0 1 1 0
70695 1 1 1 1
70733 0 1 0 1
70837 1 1 0 0
76652 1 1 1 1
57908 1 1 1 1
70746 1 1 1 1
76701 0 0 1 1
75231 0 1 0 1
