70777 0 1 1 0
74882 1 1 0 1
75208 1 0 0 0
62715 0 0 0 0
62470 0 1 1 0
73340 1 0 1 1
72410 0 1 1 1
73318 1 1 0 1
52075 1 1 0 0
54563 0 0 0 0
61631 1 0 0 0
74759 0 1 0 1
62328 0 0 0 0
79971 1 1 1 1
70863 0 0 0 0
62049 0 0 1 1
62719 0 1 1 1
71690 1 1 1 1
70865 0 1 1 0
70843 0 1 0 0
52593 1 1 1 0
70771 1 1 1 1
61608 0 0 1 1
70260 1 1 0 1
70785 0 1 0 0
72076 0 0 0 0
52687 0 1 1 1
74293 0 1 0 0
73488 0 0 0 1
70766 1 1 1 1
61991 0 1 1 1
61687 1 1 1 0
70281 1 0 1 0
75254 0 0 1 0
71623 0 1 0 1
70826 0 1 1 1
73305 1 0 0 0
62023 0 0 0 0
70783 1 1 0 1
75216 1 1 1 0
62689 1 1 0 1
70772 1 1 1 1
73350 1 1 1 1
65038 1 1 0 1
70778 1 1 1 1
64865 0 0 0 0
73467 0 1 1 1
70293 1 1 0 1
62732 1 1 1 0
73358 0 1 0 1
74747 0 1 1 0
72123 0 0 1 1
61981 1 1 1 1
59700 1 1 1 1
74763 0 1 1 1
54343 1 1 1 1
62340 0 0 0 1
62060 0 0 0 0
73347 1 1 0 1
73332 1 1 1 1
70317 0 1 0 0
71783 1 1 0 0
61974 1 0 1 0
70784 1 1 0 0
71625 1 0 1 1
71622 1 1 1 1
73832 0 0 0 1
52610 1 1 0 0
62010 0 0 0 0
81857 1 0 0 1
62729 1 1 1 1
52068 1 0 0 1
62275 1 1 1 1
73370 1 0 1 1
79821 1 0 1 1
66311 1 0 0 1
70798 0 1 1 0
74711 1 1 1 1
69313 0 1 1 0
71908 1 1 1 1
71591 1 0 1 0
75209 1 0 1 1
75249 0 0 0 0
70825 1 1 1 1
74796 1 1 0 1
70300 1 1 1 1
70847 1 0 0 0
72291 1 0 0 0
55196 0 1 1 1
62331 0 0 0 0
62011 0 1 1 0
73356 0 0 0 0
73335 1 1 0 1
74322 1 0 1 1
61972 0 1 1 0
67019 1 1 1 0
61867 1 0 0 0
73303 1 1 0 1
70314 1 1 0 1
70846 1 1 1 0
70779 0 0 0 0
70781 1 1 1 0
62109 0 0 0 1
73366 0 0 0 0
75224 1 0 1 0
62108 0 1 1 1
62055 1 1 1 1
75250 1 1 0 1
70790 1 1 1 1
74309 1 1 1 1
62272 1 1 1 1
70834 1 1 1 1
56330 1 1 0 0
62064 0 0 1 1
70832 1 0 0 1
62050 0 1 0 0
81355 1 1 0 1
66312 0 0 1 1
71998 0 0 0 0
62327 1 0 0 1
61689 0 0 1 1
52588 0 0 1 0
62099 1 0 1 1
74552 0 1 1 1
62283 0 0 0 0
74737 1 1 1 1
75753 0 1 1 1
61975 0 1 1 0
75229 1 0 1 0
74545 0 1 0 1
72783 0 0 0 0
73322 1 1 0 1
70833 1 1 1 0
73599 1 0 1 0
63843 0 0 0 0
82007 1 0 1 1
61982 0 0 0 0
62017 0 1 1 1
53802 1 1 1 1
70808 0 0 0 0
73307 1 0 1 1
75253 0 0 0 0
70845 1 1 1 1
71576 1 0 0 0
73344 0 0 1 1
70315 1 1 0 0
62012 1 1 1 1
70782 1 1 1 0
73311 0 1 0 1
70844 0 0 0 1
66300 1 1 1 1
72114 1 1 1 1
61857 0 0 0 0
74534 1 1 1 1
62730 0 0 1 0
70318 1 1 0 1
62024 0 0 1 1
73468 1 1 1 1
62286 0 0 0 0
81417 0 1 1 1
75245 1 1 1 0
74883 1 1 0 1
62066 0 0 0 0
61627 0 1 1 1
52587 0 0 0 0
62006 0 1 0 1
79838 1 1 1 1
74942 1 0 1 1
52589 1 1 1 0
52592 0 0 0 1
61976 0 0 0 0
75542 1 1 0 0
61995 1 1 1 1
76593 0 0 0 0
74760 1 0 0 0
61869 0 0 0 0
79973 0 1 1 1
61851 1 1 0 1
81471 1 1 1 1
70789 1 0 0 0
70791 0 0 1 1
70312 1 0 1 0
62692 0 1 0 0
73591 0 1 1 1
72059 1 1 0 1
62022 0 0 0 0
74794 1 1 1 1
70769 0 1 1 0
62274 1 0 0 1
71588 1 0 1 1
70279 1 1 1 1
73601 0 1 1 0
71726 1 1 1 0
72127 1 1 0 1
71638 1 1 1 1
71694 1 0 0 1
74282 1 1 1 1
74766 1 1 1 0
52605 0 0 0 0
70264 0 0 0 0
62061 0 0 0 0
70269 0 1 1 0
62007 1 0 0 1
52054 0 1 1 1
62273 0 1 1 1
61855 0 0 0 0
72052 1 1 0 0
70792 1 1 0 1
62717 0 0 0 0
52062 0 0 1 0
62710 1 0 1 1
73327 0 0 1 1
74792 1 0 1 0
73043 0 0 0 1
52051 1 1 0 0
61986 1 1 0 1
74321 1 1 1 1
73701 0 1 1 1
62683 1 1 1 1
61683 1 1 1 1
73682 0 0 1 1
70275 0 0 1 1
62015 1 1 0 1
61614 1 1 1 1
62013 0 0 0 0
71996 1 1 1 1
62711 1 1 0 1
62690 0 1 0 0
62028 0 0 1 1
73319 1 1 0 1
61776 0 0 0 0
79974 1 1 1 0
71709 1 0 0 0
52598 1 1 1 1
66302 0 0 1 1
54024 0 0 0 0
53348 0 0 0 0
74801 1 0 0 0
71736 1 0 1 1
62071 1 1 1 0
52591 1 1 0 0
52606 0 0 1 1
52053 0 0 1 1
61677 1 1 1 1
70250 1 1 1 1
56432 0 0 0 0
66343 1 0 0 1
74290 1 1 1 1
71721 0 0 0 0
70839 1 1 1 1
74749 0 1 0 1
56496 0 0 0 0
52646 1 1 0 1
75754 1 0 1 1
62686 1 1 1 1
79986 1 1 1 0
52057 1 0 1 0
73304 0 1 1 0
71589 1 1 1 1
66350 1 1 0 0
70829 0 1 1 1
74773 0 1 0 1
71779 0 0 0 0
75215 1 0 1 0
65033 1 1 1 1
70828 1 1 1 0
79978 0 1 1 1
75252 1 1 0 0
73299 1 1 1 0
61988 1 1 1 0
67018 0 0 0 0
74875 1 1 1 1
62684 0 0 0 0
69316 0 0 0 1
52080 0 1 0 1
52608 1 1 1 1
70861 1 0 0 1
70259 0 1 1 0
70842 1 1 0 0
62077 0 1 1 0
71581 1 1 1 1
61997 0 1 1 1
62734 1 1 1 1
66305 1 1 0 1
62709 1 1 1 0
61878 0 0 0 0
73363 0 0 0 0
70262 1 0 1 1
71578 1 1 1 0
70764 1 0 1 1
69314 0 1 0 1
70787 1 1 0 1
72053 1 1 1 1
62713 1 1 0 1
62001 0 1 0 0
71691 0 0 1 1
73352 0 0 0 0
54904 1 1 1 1
73821 0 1 1 1
52595 0 1 0 0
81376 0 0 0 0
61861 0 0 0 1
62707 0 0 1 1
62469 0 1 1 1
74805 1 0 0 1
70862 0 1 1 1
73330 0 1 0 0
70870 0 1 0 1
73324 1 1 0 1
73333 0 0 1 1
74608 1 0 0 1
70841 0 1 0 0
74326 1 0 1 1
66314 1 1 1 0
74611 1 1 1 1
73349 1 1 1 1
84445 0 0 1 0
70827 0 1 1 1
62714 1 1 1 0
62069 1 0 1 1
73331 1 1 1 0
55231 0 1 0 1
74320 1 0 0 0
62735 1 0 0 1
74774 1 1 0 0
62342 1 1 0 0
70299 1 0 1 1
52648 1 0 1 0
71831 0 0 0 0
62694 1 1 1 0
62053 1 0 0 1
74655 0 0 1 1
73702 0 1 1 1
61685 1 1 0 0
73371 1 1 0 1
70776 0 1 0 1
71633 1 1 1 0
