53125 0 0 0 0
70777 1 0 1 0
58766 0 0 0 0
74882 1 1 1 1
52488 1 1 0 0
52461 1 0 1 0
75208 0 0 0 0
62715 0 0 1 0
62470 1 1 0 1
54638 1 1 0 1
53118 0 0 0 0
73340 1 0 1 1
74817 1 1 0 1
55626 0 1 1 1
72410 1 1 0 1
73318 1 1 0 1
72475 1 1 0 1
73334 0 0 1 1
72461 1 0 0 1
70298 1 1 0 1
54563 0 0 0 0
74759 1 0 0 1
74540 1 1 1 1
74323 1 1 1 1
62328 0 0 0 1
71084 0 1 1 1
74402 0 1 1 1
70863 1 1 1 1
66310 1 0 1 1
84611 1 1 1 1
71096 0 1 0 0
74532 0 1 1 1
70797 1 1 0 1
70865 0 1 0 1
62018 1 0 0 0
70809 0 1 0 0
72832 0 0 1 0
74635 0 0 1 1
62095 1 1 1 1
53187 1 1 0 0
70818 1 1 0 0
70282 0 1 1 0
71853 0 1 0 1
70947 0 1 1 1
52504 1 1 1 0
74314 0 1 1 1
73345 1 1 1 1
52499 0 0 0 1
70785 1 1 0 0
75213 1 1 1 0
75862 0 1 1 0
73488 0 1 0 0
75751 1 1 1 0
72117 1 1 0 1
55712 0 0 0 0
61991 1 0 1 1
61687 1 1 1 1
70281 0 1 1 1
75254 0 1 0 1
74370 1 1 1 1
53196 1 0 0 0
72093 1 0 1 1
55180 1 0 0 1
54558 0 1 1 1
75302 0 0 0 0
70836 1 0 1 1
75301 0 0 0 0
74354 1 1 1 0
70826 1 1 1 1
54538 0 1 1 0
73305 1 1 1 1
62023 0 0 0 0
55695 1 1 1 1
53549 1 1 1 1
70783 1 0 0 1
75216 1 0 0 1
83784 1 0 0 1
61880 1 1 1 1
74658 0 0 1 0
62689 0 1 1 1
70772 0 1 1 0
74367 1 1 0 1
84345 0 1 1 1
73350 0 1 1 1
71948 0 0 0 1
65038 1 1 1 1
55132 1 1 1 1
70778 0 1 1 0
64532 0 0 1 0
64865 0 0 0 1
53199 0 0 1 1
74764 1 1 1 1
73816 1 1 0 0
70835 1 1 1 1
73467 1 1 1 1
62052 1 1 0 1
70903 0 0 0 0
70293 1 1 1 0
74881 1 1 1 1
70306 1 1 1 0
74539 1 1 1 1
62732 1 1 1 0
76728 0 0 0 0
54326 1 1 0 0
55650 1 1 1 1
73358 0 1 1 1
54549 1 1 1 0
74747 1 1 1 1
72123 0 1 1 0
75285 0 0 0 0
56515 0 0 0 1
52464 0 0 1 1
73300 0 0 0 0
59700 1 1 1 1
74763 1 0 1 0
62060 1 0 0 0
62340 0 1 1 1
73347 0 0 1 1
73332 1 1 1 0
71272 0 1 0 0
70317 1 1 1 0
70249 1 1 1 1
75750 1 1 1 1
71895 1 1 1 1
76793 1 1 0 0
71655 1 0 1 1
70272 0 1 0 0
52736 1 0 0 0
71845 0 1 0 0
71783 1 1 1 1
61974 0 1 0 1
73346 0 0 0 0
73832 1 1 0 1
52492 1 0 1 1
62010 0 1 1 0
52927 1 0 0 1
74379 0 1 0 0
52479 1 1 1 0
56899 0 0 0 0
74408 1 1 1 1
62729 1 1 1 0
61879 0 0 0 0
74716 0 1 1 0
74710 1 1 1 1
62275 0 1 0 0
53225 0 0 0 0
64510 0 0 1 0
74630 0 0 0 0
73370 1 0 0 1
66298 1 1 1 1
74786 1 1 1 0
67037 1 1 1 0
70953 0 0 0 0
52503 0 1 0 1
84790 1 1 1 1
70326 1 0 1 1
70248 1 0 1 1
66311 1 1 1 1
53077 0 1 0 0
74711 1 1 1 1
74617 1 1 1 1
69313 1 1 1 1
70297 0 0 1 1
62289 1 0 1 1
74353 0 0 1 0
72796 0 0 0 0
52486 1 0 0 0
75249 1 1 1 1
72527 1 0 0 0
74796 1 1 0 0
70300 1 1 0 1
55653 0 0 0 1
55629 1 0 0 1
75246 1 1 1 1
52502 0 0 1 1
55642 1 1 0 1
74746 1 1 1 1
70807 1 1 0 1
72115 1 1 1 1
70263 1 1 1 0
54651 0 0 0 1
62331 0 0 0 0
54562 0 1 1 1
62011 1 1 0 1
75211 0 1 1 0
74768 1 1 1 1
70860 1 1 1 1
73356 1 1 1 1
74361 1 1 1 0
73335 1 1 1 1
74018 0 1 0 1
74322 1 1 1 1
61972 0 0 1 0
70952 0 1 1 1
67019 0 0 1 1
75799 1 0 1 1
74971 0 1 0 0
84854 0 0 1 0
61985 0 0 1 0
72492 0 0 1 1
75747 1 1 1 1
75219 0 0 0 0
70369 0 0 1 1
73303 0 1 1 1
70314 0 0 1 0
53105 1 0 0 0
52733 1 0 0 0
71859 0 1 0 0
54752 0 1 1 1
73312 1 0 1 0
53619 1 1 1 0
74524 0 0 1 0
70779 0 1 0 0
74397 0 0 1 1
73366 0 0 1 0
52451 0 1 0 1
75224 1 1 1 1
70287 0 0 0 0
55680 1 1 1 1
53095 0 1 1 1
52495 1 0 0 1
75250 1 0 1 1
70790 0 1 1 1
54612 0 1 1 1
52204 1 1 1 0
71106 0 1 0 1
70268 0 0 1 0
62272 0 1 1 1
70834 0 1 1 1
74346 0 1 1 1
62005 1 1 1 0
62064 1 1 1 1
70832 1 1 1 0
66301 0 0 0 1
62285 1 0 0 1
66312 1 1 1 0
66299 1 1 1 1
71998 0 0 0 0
52453 1 1 1 0
73362 0 1 0 0
74784 0 0 1 1
62327 1 1 1 1
55124 1 0 0 1
74616 1 1 1 0
74615 1 1 1 1
73469 0 0 0 0
55632 0 0 1 1
70320 1 1 1 1
53194 1 1 1 0
74552 1 1 1 1
80198 0 1 0 0
74297 0 0 1 1
70319 0 1 1 0
54318 0 1 0 0
62283 0 0 1 0
74373 1 0 0 1
74737 0 1 0 1
75753 1 1 1 1
52497 1 1 1 1
61975 1 1 1 1
75229 1 1 1 1
72095 0 1 1 0
52452 0 1 0 1
73592 1 0 1 1
73322 1 1 1 0
54561 1 1 1 1
73599 0 0 1 1
52498 0 1 1 1
55698 0 1 0 0
73355 0 0 1 0
61982 0 0 1 0
62017 1 1 1 0
52508 0 0 0 0
73495 0 1 1 1
73336 0 1 1 0
61876 1 1 1 1
70808 0 0 0 0
76756 0 1 1 1
73307 1 0 0 1
75253 0 1 0 0
74713 0 1 1 1
73360 0 1 1 1
52501 1 0 0 1
73306 1 0 0 0
70845 1 0 1 1
54660 0 0 0 0
58033 0 0 0 1
83710 1 0 0 0
65178 0 1 1 1
73344 0 0 0 0
71011 1 1 0 1
71061 1 1 0 1
70315 0 1 0 1
74790 1 0 1 1
71137 1 0 0 0
54613 1 0 0 1
70782 1 0 1 1
53982 0 0 0 1
74897 1 0 0 1
70327 0 0 0 0
52462 0 1 1 1
75195 1 1 1 1
70844 1 0 1 0
70291 0 0 1 0
71844 0 0 0 1
72472 1 0 0 0
54962 0 0 1 0
73308 1 1 1 0
52490 1 0 0 1
74785 0 1 0 1
73367 1 1 1 0
72114 1 0 1 0
62730 1 1 1 1
61980 0 1 1 1
70318 1 0 1 1
53219 0 1 0 0
73357 0 1 1 1
62286 0 0 0 0
75245 1 0 1 1
54021 0 0 1 0
71087 0 1 0 1
74883 1 1 1 1
74739 1 0 0 1
75214 0 1 1 0
71090 0 0 0 0
70831 1 1 1 0
73343 0 1 1 0
54557 1 1 0 1
74296 1 0 0 0
74804 1 1 0 1
74377 0 1 0 1
74942 1 0 0 1
56314 0 0 0 0
75542 1 0 0 0
83771 1 0 1 1
61995 1 1 1 1
52493 0 1 1 1
76593 1 1 1 1
74760 1 0 1 0
71892 0 0 1 1
52458 1 1 1 1
54365 0 0 0 1
61851 1 1 1 1
84374 1 0 0 0
52466 0 1 0 0
71850 0 0 0 0
74344 1 0 1 1
70252 1 1 1 0
82234 0 0 0 0
74725 0 0 0 0
54656 0 0 0 1
70791 1 0 1 1
71626 0 0 1 0
71846 1 1 1 1
62692 0 0 1 1
52205 1 0 1 1
80104 0 0 0 0
73591 1 1 1 1
73822 1 0 0 1
72059 1 1 1 0
53713 0 1 1 0
74794 1 1 1 1
70286 1 1 1 0
75247 0 1 1 0
70279 1 1 1 1
74544 0 0 0 0
73600 1 1 1 1
73351 1 0 0 0
70943 1 1 0 1
73601 1 0 0 1
66348 1 1 1 0
72127 1 0 0 0
75223 1 1 1 1
70853 1 0 0 1
71023 0 1 0 1
53188 1 1 1 1
71638 0 0 1 1
74363 1 1 0 1
74282 1 1 0 1
76843 0 0 1 0
76141 1 1 1 0
52483 1 1 1 1
74766 0 1 1 1
55119 0 0 0 1
74476 0 0 0 0
73466 1 0 0 0
74310 1 1 1 1
64737 1 1 1 1
70337 1 1 1 1
73369 1 1 1 1
73368 1 1 0 0
70264 1 0 1 0
53069 1 1 0 1
61999 1 1 1 1
62493 1 1 0 0
70269 1 1 0 0
62007 1 1 1 1
60000 0 0 1 1
69872 1 1 1 1
70322 0 1 1 1
84616 0 0 0 1
55637 0 0 0 1
70276 0 0 1 0
54543 1 1 1 1
52202 1 1 0 1
70792 1 1 1 1
62717 0 0 0 0
62710 1 0 0 1
73327 1 0 0 1
70838 1 0 0 1
74809 1 1 1 1
70338 1 1 1 1
62019 1 1 1 1
74319 1 1 1 1
55627 0 1 0 0
62402 1 1 1 1
73043 0 1 0 1
61986 1 1 1 1
74321 1 1 1 1
73701 1 1 1 1
83717 0 0 1 0
62683 1 1 1 1
74422 0 0 0 0
70869 1 1 1 1
61683 0 1 1 1
73682 1 1 1 1
70275 0 0 0 0
62015 1 1 0 1
75212 0 1 1 1
59327 0 0 0 0
74317 1 1 0 0
74396 0 1 0 0
70780 1 1 1 1
62013 0 1 0 1
70360 0 0 0 0
71893 1 0 0 0
52212 0 0 1 0
71996 0 0 0 0
53180 0 1 0 0
55610 1 1 1 1
66349 1 0 0 1
71135 0 0 0 0
62711 1 1 0 0
52465 0 1 1 0
62690 1 1 1 1
52489 1 0 0 0
71847 0 1 1 0
53108 0 1 0 0
62028 1 1 1 1
52856 1 1 1 1
73319 1 0 1 1
52804 1 0 0 1
74308 0 1 0 0
61776 0 0 0 0
71122 1 1 0 1
75230 1 1 1 1
74535 1 1 1 1
70323 0 1 0 0
74793 0 0 1 1
71119 0 1 1 0
54554 1 1 1 1
66302 1 1 1 1
72553 0 0 0 0
61868 1 0 0 1
74801 0 0 1 1
74343 1 1 1 0
71736 1 1 1 1
71015 0 1 0 1
52496 0 1 1 0
73320 1 1 0 0
74621 1 0 0 0
73325 1 1 1 1
70944 0 0 0 0
72063 0 1 0 1
70336 1 1 1 1
70773 1 1 0 1
53183 0 1 1 1
74318 0 1 1 1
73359 1 0 1 1
54629 0 1 1 1
73473 1 1 1 1
55117 0 0 0 1
73301 0 0 1 0
70839 1 0 1 1
72466 1 1 1 1
74749 1 1 1 1
70939 1 1 1 1
54535 1 1 0 0
61681 1 1 1 0
56496 1 0 0 0
75289 1 1 1 1
52459 1 1 1 1
74302 0 1 0 0
74325 0 0 1 0
61984 1 1 1 1
74543 1 1 1 1
52507 0 0 1 1
62686 1 1 0 1
55654 1 0 0 1
74783 0 1 1 1
74612 1 1 1 0
71979 1 1 0 0
71860 0 0 0 0
70950 1 0 0 0
75932 1 0 1 0
70829 1 1 1 1
61987 0 0 1 1
73222 1 1 0 0
52478 0 1 1 1
75239 1 1 1 1
71779 0 0 0 0
74380 1 1 1 0
73522 1 1 1 1
83759 0 1 0 0
74765 0 0 0 1
75215 1 1 1 1
74356 1 1 1 1
74607 1 1 0 0
73309 1 0 0 1
55128 0 0 0 0
74312 0 1 1 0
74777 1 1 1 0
53116 0 1 0 0
70996 1 0 0 0
70828 0 1 1 1
71006 0 0 0 0
52456 1 0 0 1
75260 0 0 1 0
75241 0 1 1 1
62025 0 0 0 0
70775 1 1 1 1
62051 1 0 1 1
53181 0 0 0 1
75252 1 0 1 1
61629 1 1 1 0
72479 1 1 1 0
71093 1 0 0 1
70429 1 1 1 1
61988 1 1 1 0
70271 0 1 0 1
62693 0 0 1 0
53127 0 0 1 0
83775 1 1 1 0
74736 0 0 0 0
80033 0 0 1 0
73342 1 0 0 0
55655 1 1 1 1
53190 1 1 0 1
74875 1 1 1 1
74542 1 1 1 1
62684 0 0 1 0
69316 0 1 1 1
62059 1 1 1 1
74177 1 0 0 0
72489 0 0 0 1
70861 1 1 1 1
53084 0 0 0 0
71894 0 1 0 0
70259 0 1 1 0
74328 1 1 1 1
71639 1 0 1 1
74715 1 1 1 1
74613 1 1 0 1
84516 0 1 0 0
62734 0 1 0 1
62709 1 1 1 1
81333 0 0 0 1
72616 0 0 0 0
70325 0 1 1 0
66342 1 0 1 0
74392 1 0 0 0
52491 0 0 0 1
62333 0 0 0 0
71001 1 0 0 0
73363 1 1 1 1
70262 0 0 0 0
74741 1 1 1 1
71855 0 0 1 1
53536 1 1 0 1
54556 0 1 1 1
70382 0 1 0 1
66309 1 1 1 0
53347 0 1 0 0
70787 0 1 1 0
71891 1 0 0 0
53493 1 1 1 1
62054 1 1 0 1
52485 1 0 0 0
52506 1 1 1 1
55211 1 1 1 1
74789 0 1 1 0
80097 0 0 0 0
72053 1 1 1 0
74609 1 1 0 1
70909 0 0 0 0
62713 1 1 1 1
74371 1 1 1 1
52494 1 1 0 0
73352 1 1 1 1
75248 1 1 1 1
71856 0 0 0 1
61993 1 1 1 0
84612 1 1 1 1
74800 1 1 1 1
73821 1 1 1 1
54544 0 0 1 1
53102 0 0 0 0
73237 0 0 0 0
55217 1 0 1 1
53126 0 1 1 0
75217 1 1 1 0
52861 0 1 1 0
70840 0 1 1 1
70862 0 1 0 0
74805 0 1 0 0
73330 1 1 1 0
53203 1 0 1 1
55130 1 0 0 0
73324 1 0 1 1
52460 0 1 1 0
73333 0 1 0 0
52484 0 1 0 1
74399 0 1 1 0
70251 1 0 1 1
52806 1 1 1 0
52883 1 1 0 1
55210 1 1 1 0
73349 0 1 0 0
70471 0 1 0 0
84370 1 1 1 1
55204 1 1 1 0
70289 1 1 1 1
71590 1 1 0 1
53189 1 0 1 1
62163 0 1 0 1
55656 1 1 1 1
73331 1 1 1 1
70284 1 0 1 1
72068 1 1 0 0
62735 0 1 0 1
83714 1 1 0 0
53546 1 1 1 1
74774 1 0 1 1
66304 1 1 1 0
62342 1 1 1 1
70299 1 1 1 1
74348 1 0 1 0
70302 0 1 0 0
73316 0 0 0 1
69763 0 0 1 1
52633 0 0 0 0
55616 0 0 0 0
74369 1 1 1 0
52505 0 0 0 1
70290 1 1 1 1
55628 1 0 1 1
62694 1 1 0 1
74355 1 0 1 1
53544 1 1 1 1
73702 1 1 1 1
53535 1 1 1 0
61989 1 1 1 1
71951 1 1 1 1
70266 1 1 1 1
75231 0 0 0 0
70311 1 0 1 1
82730 0 0 1 0
74541 1 1 1 0
73371 1 1 1 0
70776 1 0 0 0
66308 0 1 1 1
