52876 1 0 1 0
62451 1 0 1 1
52644 1 1 1 1
73340 1 0 1 1
55854 1 1 1 1
70273 0 1 0 0
73334 0 0 1 0
70298 1 1 1 1
53331 0 0 0 0
53457 0 0 0 1
70978 0 0 0 0
60489 1 1 0 0
53134 0 1 1 1
70907 1 0 1 1
71024 0 0 1 0
55823 0 0 1 1
84527 1 0 1 1
73992 0 1 1 1
62049 0 0 1 1
74292 1 1 1 1
62719 1 1 1 1
52666 1 1 1 1
53395 0 0 1 0
62080 1 1 1 1
55131 1 1 1 1
52042 1 1 0 1
62681 1 0 0 0
53402 1 1 1 1
76680 0 1 1 0
75432 1 1 0 0
62018 0 0 1 0
66320 0 0 0 0
74635 0 0 0 0
52033 1 1 0 1
62095 1 1 1 1
53187 1 0 1 1
72418 1 0 0 0
70282 1 1 0 1
53103 1 1 0 0
52638 1 0 0 1
70947 1 0 1 1
53230 1 1 0 1
66347 0 1 1 1
53089 0 0 0 0
52687 1 1 1 1
74293 1 1 0 0
61991 1 1 1 1
61687 1 1 1 1
72055 0 1 1 1
55112 1 1 0 0
70281 0 0 1 1
53665 1 1 1 0
74370 0 1 0 0
62728 0 0 1 1
84468 1 0 0 1
71942 1 1 1 1
53196 1 0 0 1
72093 1 0 0 1
52090 0 0 0 0
71987 1 1 1 1
53113 1 1 1 0
72060 0 1 0 1
54639 1 1 1 1
56958 0 0 0 0
74354 1 1 1 1
73305 0 1 0 1
62023 1 0 0 1
53961 1 1 1 1
70253 0 1 0 0
52672 1 1 1 1
53542 0 1 0 0
74378 1 1 0 0
61880 1 1 1 0
53412 1 1 1 1
71986 1 1 1 0
62689 1 1 1 1
74258 0 1 1 1
74367 1 1 1 1
73350 1 1 1 1
75367 1 1 1 1
74336 0 0 0 0
55132 1 1 1 1
52657 1 0 1 1
53199 1 1 1 1
74764 1 1 1 1
52097 0 1 1 1
72411 0 1 1 1
73467 1 1 1 1
62052 1 1 1 1
61973 1 0 1 1
53420 0 0 1 1
70306 1 0 1 1
62732 1 1 1 1
79178 1 1 1 1
73358 1 0 1 1
52789 1 1 0 0
73300 0 0 0 1
59700 1 1 1 1
70236 0 0 0 0
70283 1 0 0 0
52667 0 0 0 1
53391 1 1 0 1
70951 0 1 1 1
75442 1 0 1 1
54343 0 1 1 1
62721 1 0 0 1
55185 1 1 0 1
73332 1 1 1 1
70249 1 1 1 1
78304 0 1 1 0
70272 0 0 0 0
62722 1 1 1 1
52084 1 1 1 1
53454 0 1 1 1
61974 1 1 1 1
70908 1 1 1 0
52649 0 1 1 1
62010 1 1 0 1
78233 1 1 1 0
75372 1 1 1 1
53086 1 0 0 0
78291 1 1 0 1
74408 1 1 0 1
52068 0 1 1 1
62729 1 1 1 1
61879 0 0 1 0
62014 1 1 1 1
70383 0 1 0 1
64510 1 1 1 1
53373 1 0 0 1
73370 1 1 1 1
66298 1 1 1 1
79211 1 0 1 0
62074 1 1 1 0
53645 1 1 0 0
74786 1 1 1 1
67037 1 1 1 1
71013 1 1 1 1
70326 1 0 1 1
70248 1 1 1 1
66311 1 1 1 1
71945 1 0 1 1
53077 0 1 0 0
74617 1 1 1 1
70297 1 1 1 1
74353 0 0 0 1
72796 0 0 0 1
70300 1 1 1 1
76666 0 1 1 0
52018 1 0 1 0
81261 0 1 1 1
78234 1 0 1 1
71949 0 1 0 1
55196 1 1 1 1
72864 1 1 1 1
70263 0 1 1 1
54830 0 1 1 1
73356 1 0 0 0
71982 1 1 0 0
73335 1 0 1 1
53378 1 1 1 0
74018 0 0 1 1
74322 1 1 1 1
61972 1 1 0 0
70938 1 0 0 1
67019 0 1 1 1
61867 0 0 1 0
74971 1 0 0 1
53195 0 0 1 0
61985 1 0 0 1
72129 1 1 1 1
55840 1 0 1 1
78223 1 0 1 1
70369 1 1 0 0
54030 1 0 1 1
71014 1 1 0 1
70314 0 1 1 1
52040 1 1 1 1
53105 0 0 0 0
52733 0 0 1 0
55792 0 0 1 0
73312 1 0 0 0
74397 1 1 0 1
78433 1 0 1 1
70307 1 1 1 0
73366 1 0 0 1
62511 1 1 1 1
53409 1 1 1 1
75368 1 1 0 1
70287 1 0 1 0
62055 1 1 1 1
66340 1 1 1 1
75365 1 1 1 1
70268 1 0 0 0
53394 1 1 0 1
74346 1 1 1 1
62005 0 1 1 1
53529 0 1 1 1
76671 0 1 0 0
73329 1 0 1 1
53227 1 1 1 1
62064 1 1 1 1
74291 0 0 0 1
72876 0 0 0 0
70351 1 0 0 1
53383 1 1 1 1
52643 1 1 0 1
62733 1 1 1 1
66312 1 1 1 1
78329 1 0 0 0
71947 0 1 1 1
62688 0 0 0 1
53384 0 0 0 0
74615 1 1 1 1
74616 1 1 1 1
73469 0 1 1 0
55124 1 1 0 1
61689 1 0 1 1
84528 0 0 0 1
78434 0 0 1 1
53194 1 1 1 1
54640 0 1 0 1
72914 0 1 1 1
74373 0 1 1 1
74737 1 1 1 1
70472 0 0 0 0
71026 0 1 1 1
57048 1 1 0 0
70977 0 0 0 0
62326 1 1 1 1
62736 1 0 0 0
73322 1 1 1 1
78467 1 1 1 1
55824 0 0 0 0
73355 1 1 0 1
62017 1 1 1 1
61982 0 0 0 1
71028 0 1 1 0
81241 1 0 1 1
75366 0 1 1 1
73336 1 1 0 0
52106 1 1 1 1
61876 0 1 1 1
73307 1 1 1 1
78263 0 1 1 1
78008 1 0 1 0
52659 1 1 1 1
72128 1 1 1 1
73344 1 1 1 1
53419 1 1 1 1
72412 1 0 1 0
71061 1 1 1 1
62879 0 1 1 0
72130 1 1 0 1
62012 1 1 1 1
55165 0 1 1 1
74128 1 1 0 0
78058 1 1 0 1
53110 0 0 0 0
73311 1 0 1 1
67040 0 0 0 0
53428 1 1 1 1
78290 0 1 1 1
52625 1 1 0 0
75369 1 1 0 1
78298 1 1 1 1
62720 0 1 0 1
73308 0 1 1 1
84535 1 0 0 0
62856 0 1 1 0
73367 1 1 1 1
55681 1 0 0 0
66300 1 1 1 0
73268 0 1 0 1
72114 1 1 1 1
70355 0 0 0 0
84509 1 0 1 1
53555 1 1 1 1
52651 0 0 1 1
62730 1 1 1 0
61980 1 1 1 1
70318 1 1 1 1
62072 1 1 1 1
78790 1 0 0 1
53328 0 0 1 0
62024 1 1 1 0
73357 1 1 0 1
62058 0 0 0 0
73468 1 1 1 1
62286 0 0 0 1
74883 1 1 1 1
62066 0 0 0 1
74614 0 1 1 1
70912 0 1 0 0
53197 1 1 1 1
62063 0 0 0 0
74296 1 1 1 1
55151 1 1 0 1
74377 0 1 1 1
62006 1 0 1 1
61976 1 1 0 0
76593 0 0 1 0
61869 0 1 0 0
74374 1 1 1 0
52622 0 0 0 0
70374 0 0 0 0
84466 0 0 1 1
74344 1 1 1 1
70380 0 0 0 0
70363 0 0 0 0
53427 0 1 1 1
71941 0 1 1 1
53411 1 1 1 1
70312 1 1 0 1
62692 0 0 0 1
72131 0 0 1 1
53399 1 1 0 1
66307 1 1 0 0
62022 1 0 1 0
74794 1 1 0 1
74395 0 1 0 1
71946 1 0 0 1
70286 0 1 1 0
78231 1 1 1 0
70279 1 1 1 1
53396 1 1 1 1
73351 1 0 0 1
70943 0 1 1 1
66348 0 1 1 1
61875 1 1 1 1
71020 0 1 0 0
53188 1 1 1 1
53121 0 0 0 0
74363 1 1 1 1
74282 1 1 1 1
55119 0 0 0 0
53334 1 1 0 1
64737 1 1 1 1
73369 1 1 0 1
75439 1 1 0 0
74338 1 1 0 0
53069 1 1 0 1
61999 1 1 1 1
57654 0 1 0 0
62061 0 0 0 0
70269 0 0 0 0
62007 1 1 1 1
69872 1 0 1 1
52054 1 1 1 1
53406 1 1 1 1
62062 1 1 1 1
79208 1 1 1 1
78428 1 1 0 1
61855 0 1 0 1
70997 1 1 1 1
61977 0 0 0 1
62680 1 1 0 1
70276 1 1 0 0
73976 0 0 0 1
62717 1 0 1 0
53414 1 1 1 1
62710 1 1 0 1
57909 1 1 1 1
73302 1 1 1 1
53523 0 0 0 1
70285 0 0 1 1
72119 1 1 1 1
62008 1 1 1 1
70387 1 1 0 0
53329 0 0 0 0
70338 1 1 1 1
62019 1 1 1 1
74319 1 0 0 1
61907 1 0 1 1
61986 0 1 1 1
71984 1 0 0 1
70877 0 0 0 0
62683 1 1 1 1
66315 1 1 1 1
62015 1 0 0 1
84485 1 1 1 0
66306 0 1 0 1
74317 1 0 0 1
61614 1 0 1 1
53222 1 0 0 1
62013 0 0 0 0
71937 0 0 0 1
84464 1 0 1 1
58463 1 0 1 1
55771 1 1 1 1
53180 1 0 1 1
53426 1 1 1 1
70309 1 0 0 0
66349 0 0 0 0
62711 1 1 0 1
62691 1 0 1 1
55134 1 1 1 1
53108 0 1 0 0
73319 1 1 0 1
70913 1 1 1 1
67017 0 1 1 0
76668 0 1 1 0
70323 1 1 1 1
66302 1 1 1 1
53518 0 0 0 0
52623 0 0 0 0
53652 0 0 0 0
54024 1 0 0 0
61868 1 0 1 1
53398 1 0 1 1
71015 0 0 0 1
62071 1 0 0 1
53463 0 1 0 0
72789 1 0 1 1
78056 1 1 1 1
73320 1 1 1 1
73325 1 1 0 1
70944 0 1 1 1
72518 0 0 0 0
79326 1 0 0 0
78435 1 0 1 1
61677 0 1 0 1
53183 0 1 1 1
71022 1 1 1 1
73359 1 1 1 1
53252 1 1 1 1
53217 1 1 1 1
53459 0 1 1 1
52653 1 0 0 1
74290 1 1 1 1
74749 1 1 1 1
70939 1 1 0 1
61681 1 1 1 1
74325 1 0 0 0
70313 0 0 1 1
75370 0 1 1 1
54302 0 0 0 1
54840 1 0 1 0
61978 1 1 1 1
52646 1 1 1 1
81499 1 0 0 1
62686 0 1 1 1
78441 1 1 1 1
78429 0 0 1 0
74783 1 0 1 1
52057 1 1 1 1
74612 1 1 1 1
52645 0 1 1 1
53407 1 1 0 1
70950 1 1 0 0
66350 1 1 1 1
61761 0 1 0 0
75239 1 1 1 1
53503 1 1 1 1
72152 1 0 1 1
56553 0 0 1 1
73522 0 1 1 1
53413 1 1 1 1
52642 1 1 1 1
70918 1 0 1 1
76653 1 1 1 1
71943 1 1 1 1
74356 1 1 0 1
52102 0 1 1 0
62712 0 0 0 0
65033 1 1 1 1
73309 0 1 1 1
78438 1 1 1 1
52663 1 0 1 1
55203 1 0 0 1
53669 1 0 1 0
53148 0 1 1 1
62025 1 0 0 0
71017 1 1 1 1
72552 0 0 0 0
53336 0 0 0 0
53416 0 1 1 1
78227 1 1 1 1
53181 1 1 1 1
52655 1 1 1 1
53333 1 0 0 0
61629 0 1 1 1
52463 1 0 1 1
71950 1 1 1 1
62708 1 1 0 0
81539 0 0 0 0
71018 1 0 1 1
53455 0 0 1 1
62693 1 0 0 1
67018 0 0 0 1
61688 1 1 1 1
53404 0 1 0 0
71936 1 1 1 1
71631 1 1 1 1
73342 0 1 0 0
53190 1 1 1 1
52080 1 0 1 1
62059 1 1 1 1
84086 0 0 1 1
53084 0 0 1 1
70259 0 1 1 0
62878 0 0 1 1
52647 0 1 1 0
70402 1 1 1 1
62077 0 0 0 1
53101 1 0 0 0
74328 1 1 1 1
61862 1 0 0 0
78300 1 1 1 1
74613 0 1 1 1
70492 1 0 0 0
61997 1 1 0 1
62734 1 1 1 1
66305 0 1 1 0
52620 1 1 1 0
62709 1 0 1 1
75437 0 0 0 1
62210 0 1 0 0
72122 1 1 1 1
73978 1 0 0 1
70999 1 0 0 1
74392 0 1 0 1
72118 0 1 0 0
62026 1 1 1 1
62679 1 0 0 1
61878 0 0 1 1
71001 0 0 0 1
73363 1 0 1 1
70262 1 1 0 1
84501 0 0 0 0
53550 0 0 1 1
71940 1 1 1 1
70382 0 0 0 1
66309 1 1 0 1
71030 0 1 0 0
53493 1 1 1 1
73487 0 0 0 0
52069 1 1 0 1
72091 1 0 0 1
53462 0 0 0 0
70917 1 0 1 0
74393 1 1 1 1
62713 0 1 1 1
79812 1 1 1 1
74371 1 1 1 1
78221 1 1 1 1
52640 0 0 1 1
73352 1 1 1 1
54904 1 1 1 1
53393 1 1 1 1
61993 1 1 1 1
74800 1 1 1 1
70940 0 1 1 0
73993 1 1 0 0
53102 0 1 0 0
53126 1 1 0 1
61861 1 0 0 1
75377 0 0 0 0
53417 1 1 1 1
62469 1 1 1 1
71019 1 1 1 1
73330 1 1 1 1
74299 0 1 1 0
52083 0 0 0 0
73324 1 1 0 1
73333 1 1 1 1
58461 0 0 0 1
78299 1 1 1 1
70251 1 1 1 1
53117 1 0 0 0
72125 1 0 1 1
66314 1 0 1 1
84475 1 0 0 1
74611 1 0 1 1
73349 1 1 1 1
61603 0 0 0 0
52665 0 0 0 0
62714 1 1 1 1
53405 1 0 0 1
78302 1 1 1 1
70289 1 1 1 0
71021 0 1 0 1
53189 1 1 1 1
58464 1 1 1 1
74364 1 1 0 1
62069 1 0 1 1
78230 0 1 1 1
61996 0 1 0 1
73331 1 1 1 1
70284 1 1 1 1
52078 1 1 1 0
71031 1 1 1 1
52664 0 0 0 1
70324 1 0 1 1
52091 0 0 0 1
53546 0 1 0 0
78228 1 1 1 1
66304 0 0 1 1
70299 1 1 1 1
74348 1 1 0 1
72417 1 0 1 0
63851 0 1 0 1
73316 0 0 0 0
62016 1 1 1 0
69763 1 1 0 0
52633 0 1 0 1
52648 1 0 1 1
74327 1 0 0 1
74369 1 0 0 1
72542 0 0 1 0
70290 1 1 1 0
62694 1 1 1 1
62053 0 0 0 1
53677 0 1 0 1
53535 1 1 1 1
78439 1 0 1 1
70266 0 1 1 0
61685 1 0 1 1
73371 1 0 0 0
66308 1 1 1 1
