83515 0 0 0 1
76316 1 1 1 1
75227 1 0 1 0
63827 0 0 0 1
64503 0 0 0 0
71546 0 1 0 1
79894 0 1 0 0
75603 1 1 1 0
75981 0 1 0 0
80004 0 1 1 0
71530 0 0 1 1
71537 1 1 0 1
75616 0 1 0 0
75860 0 1 0 0
71610 1 1 1 1
75991 0 0 0 1
71548 1 1 1 1
76320 1 0 1 0
84640 0 1 0 0
76277 0 0 0 1
55814 0 0 1 0
75919 0 1 0 0
76154 0 1 0 0
75613 0 0 0 0
75912 0 0 1 1
66039 1 0 0 0
71613 1 1 1 1
80221 0 0 1 1
80343 0 0 0 0
76027 0 0 0 0
61773 0 0 0 0
75968 0 0 0 0
80341 0 1 0 0
76322 1 1 0 0
75149 1 1 1 1
79994 1 0 0 0
66038 1 1 0 0
80003 1 0 0 1
76416 0 0 0 0
71545 0 0 0 0
71611 1 1 1 0
75989 0 1 1 0
75133 1 0 0 0
75602 0 1 1 1
76064 0 0 0 0
75997 1 0 0 0
76163 1 0 0 0
71547 1 1 1 0
75930 0 0 0 0
75902 0 0 0 0
76336 0 0 0 0
84634 0 0 0 0
59919 0 0 1 0
79917 1 1 0 0
64712 0 0 1 0
77739 1 1 0 1
75907 1 0 0 1
75960 1 0 1 1
71612 1 1 0 1
80342 1 0 0 0
80002 1 0 1 0
75136 1 0 1 1
71544 0 1 1 1
84643 1 1 0 1
57903 1 0 1 0
75861 1 1 1 1
76181 1 0 0 0
71598 0 0 1 1
64698 0 0 1 1
75969 0 1 1 0
55803 0 0 0 0
76017 0 0 0 0
75132 0 1 1 0
75141 1 0 1 1
55816 0 0 1 1
76324 0 1 1 0
75915 1 0 1 0
76179 0 0 0 0
64695 0 0 1 0
80339 0 1 0 1
72876 1 1 0 0
75600 1 0 1 1
64593 0 1 1 0
74615 1 1 1 0
76402 0 0 0 0
75903 0 0 0 0
64631 0 1 1 0
71532 0 1 0 0
74737 1 0 0 0
76352 0 0 0 1
75905 0 1 1 1
75966 0 0 0 0
75890 0 0 0 0
84635 1 1 0 1
75154 0 1 0 0
76205 0 0 0 0
71601 1 0 0 0
75908 0 0 1 0
76180 0 0 0 0
71529 1 0 1 0
58033 0 0 0 1
64615 0 0 0 1
73576 0 0 0 0
75129 1 1 1 1
76026 0 0 1 0
83783 0 0 1 0
76059 0 1 0 0
76198 0 0 0 0
75142 0 1 1 1
71533 0 0 0 1
76018 0 1 1 0
76314 0 0 1 0
75985 0 0 0 0
75970 0 0 0 0
75934 0 0 0 0
80338 1 0 1 0
75610 1 1 1 1
79988 0 0 1 1
71538 1 0 1 1
76165 1 1 0 0
65223 0 0 1 1
75128 0 1 1 1
75615 1 0 1 0
83771 1 0 1 1
75904 1 1 0 0
80106 1 0 0 0
76330 1 1 0 1
71614 1 0 0 1
83520 0 0 0 0
75906 0 1 0 0
84630 0 1 1 0
75992 0 0 0 0
75137 1 1 1 0
71599 1 1 1 1
75918 1 1 1 0
73591 1 1 0 0
76422 0 0 1 0
75143 1 1 1 0
80398 0 0 1 0
76014 1 0 0 0
75995 0 0 1 0
75131 1 1 0 1
75859 1 0 1 0
75626 0 0 1 1
80000 1 1 1 0
84636 0 0 1 1
75924 0 0 1 0
75931 0 0 1 0
76399 0 0 0 0
75123 1 1 1 1
84629 1 0 1 0
75910 0 0 0 1
84644 0 0 0 0
75944 1 1 1 0
75878 0 1 0 0
79987 1 1 1 1
76045 1 1 1 1
75623 1 1 1 1
76318 1 0 1 1
75993 1 1 0 0
71539 0 1 1 1
75608 0 1 0 0
75617 0 1 1 0
80007 1 1 1 1
75945 0 0 0 0
83697 0 1 0 0
76167 0 0 0 0
75917 0 1 1 1
75145 1 1 1 0
76052 0 0 1 1
53589 0 0 0 0
79918 0 0 0 0
76315 1 1 0 0
76009 0 0 0 0
71605 1 0 1 1
71542 1 0 1 1
84637 0 0 1 0
75124 1 1 1 1
74749 0 0 0 0
75606 0 0 1 0
65209 1 1 1 0
71608 0 1 0 1
75612 1 1 1 1
75891 0 0 0 0
64692 0 1 1 0
75877 0 0 0 0
75599 1 1 1 1
79991 1 0 0 0
76062 0 0 0 0
83759 1 0 0 1
84272 0 0 0 0
75146 1 1 1 1
80006 1 1 1 0
76016 0 0 0 0
83775 0 1 0 0
75138 1 0 1 1
75962 0 0 0 0
76173 0 0 0 0
84638 1 1 0 1
84628 0 0 0 0
71535 1 1 1 1
79993 0 1 1 0
75611 0 1 1 1
71541 1 0 0 0
76312 0 0 0 0
84633 0 0 0 0
76057 1 0 0 0
55808 0 1 1 1
76337 0 0 0 0
84647 0 0 1 0
75605 0 0 0 0
84631 0 0 1 0
74741 0 0 1 0
63839 0 0 0 0
83517 1 1 0 1
71534 0 1 0 0
76056 1 1 0 0
76021 0 0 0 0
75926 0 0 0 0
79997 1 1 1 1
75604 0 1 1 0
75963 0 0 0 0
84639 1 1 1 1
71536 1 0 1 1
80346 1 1 1 1
75973 0 0 1 1
75125 1 0 0 1
71607 1 1 1 1
79992 1 0 0 0
65211 0 1 1 0
76321 0 0 0 0
83719 0 0 0 0
71540 0 0 1 0
83714 0 1 0 1
75939 0 0 0 0
84646 1 0 0 1
84632 0 0 0 0
75614 0 1 1 1
64690 0 0 0 0
76046 1 1 0 0
75148 0 0 1 1
84645 1 1 0 1
80340 1 0 1 0
76313 0 1 1 0
75607 1 1 1 1
75920 0 1 0 0
65230 0 0 0 1
75781 1 0 1 0
