83515 0 0 0 0
80342 0 0 1 0
80002 1 0 1 1
77731 1 1 1 0
76605 0 0 1 1
76593 0 1 1 0
80089 0 0 0 0
80015 0 0 0 0
77860 0 0 1 1
83509 0 0 0 1
75215 0 0 0 1
76595 1 1 1 0
75246 0 0 0 1
65033 1 1 1 1
71954 1 1 1 0
80024 0 0 1 0
80106 1 1 0 1
62470 1 0 0 1
80013 0 1 1 1
71614 0 0 1 1
83520 1 1 1 1
83510 0 1 1 1
83505 0 0 0 1
84564 0 1 1 0
75137 1 1 0 1
77772 1 0 0 0
83507 1 0 1 1
71546 1 1 1 1
71599 1 1 1 0
84221 0 0 0 1
80008 0 0 0 1
75146 0 0 1 1
75136 1 1 1 1
80006 1 1 0 1
79894 1 0 1 1
71544 1 1 1 1
71618 1 1 1 1
83518 1 1 1 0
76589 0 1 1 1
73691 0 1 1 0
83516 0 0 0 1
77759 1 1 1 1
75143 1 1 1 0
80004 1 0 1 0
71530 0 1 1 1
77918 1 1 1 1
71537 0 0 0 0
75138 1 1 1 0
77757 0 1 1 1
75131 1 1 1 1
71528 0 0 1 0
71609 1 0 0 0
76643 0 0 0 0
61777 1 1 1 1
71602 1 0 1 0
72009 1 1 0 1
77683 1 0 1 0
80347 0 0 0 1
71610 1 0 1 0
80000 1 1 1 1
71598 1 1 0 0
71958 0 1 1 1
79805 1 0 0 1
71959 0 0 1 0
74766 1 1 1 0
76640 1 0 1 1
77761 0 0 0 1
75224 0 1 0 0
71976 1 0 1 1
71535 1 1 0 0
72014 0 0 1 1
79993 1 1 1 1
72121 1 1 0 1
71965 0 1 0 0
75132 1 0 1 0
75141 1 1 1 1
71541 1 0 0 1
83522 1 1 1 1
71548 1 1 1 1
72005 0 0 1 1
80011 1 1 0 1
77785 1 1 1 1
83519 0 0 0 0
71972 1 0 0 1
79998 1 1 1 1
73025 0 0 0 0
72011 1 1 0 1
77763 1 1 1 0
75123 1 1 1 1
83698 0 0 0 0
80339 0 0 0 1
77938 1 1 0 1
75980 1 1 1 1
71957 0 1 0 1
71967 0 0 1 0
71970 1 0 0 1
83524 1 1 1 1
76033 1 1 1 1
74511 1 1 0 0
71961 1 1 0 1
74741 0 1 0 0
74740 0 0 0 1
83526 1 1 0 0
74950 0 0 1 0
83802 0 1 0 1
77717 1 1 1 1
71952 1 1 1 0
83517 1 0 1 0
69314 0 0 0 0
84557 0 0 1 1
77787 0 1 0 0
80449 0 1 0 0
79915 1 1 1 1
77773 0 0 1 0
71974 1 0 0 0
71532 1 0 0 1
71613 1 0 0 1
79989 1 1 1 1
80344 1 0 0 0
74737 1 1 1 0
71969 0 0 0 1
80182 0 1 0 0
71534 1 1 0 1
79987 1 1 1 0
80221 0 0 1 1
77931 1 1 1 0
71963 0 1 0 0
80343 1 1 0 0
61683 1 1 1 0
83527 1 0 0 0
71604 1 1 0 1
83521 1 0 0 1
72986 0 0 0 1
84565 0 0 1 0
84551 0 0 1 0
72002 1 1 0 0
77788 1 1 1 0
80019 0 1 1 0
80007 1 0 0 0
83800 0 0 0 1
83697 1 0 1 0
80341 1 0 1 0
80001 1 0 1 1
71601 1 1 1 1
79997 1 0 1 1
71529 1 1 1 1
75145 1 0 1 1
83701 0 1 0 0
74965 0 1 0 0
75149 0 0 1 1
76639 0 0 0 1
71960 0 1 0 1
75242 0 0 1 0
83508 1 1 1 1
79994 1 1 0 1
71955 1 0 1 0
84562 0 0 0 0
80003 1 0 1 1
72000 1 0 0 0
80005 1 1 1 1
83700 0 0 0 0
73576 0 0 0 1
76030 0 1 0 0
75963 0 1 0 1
83514 0 1 1 1
76609 1 0 1 0
72969 0 0 0 0
83525 0 1 1 1
75129 1 1 1 1
74608 1 0 1 1
71445 0 1 0 0
71964 0 1 0 0
76851 1 1 1 0
71545 1 1 1 0
71536 0 1 1 1
77912 1 1 1 1
72964 1 0 1 1
80346 1 1 1 1
79918 1 1 1 1
71603 0 1 1 1
72982 1 0 1 1
71611 0 1 1 1
71606 1 1 1 1
71318 0 1 0 0
75125 1 1 0 1
71607 1 0 1 1
77775 1 0 0 1
79992 1 1 1 1
80017 0 0 0 1
75527 1 1 1 1
83523 0 1 1 1
71605 0 0 1 1
75142 1 1 1 1
76613 0 1 1 1
71533 1 1 1 1
80010 1 0 0 0
71540 1 1 0 1
71962 0 1 1 1
75133 1 1 1 0
79999 1 1 1 0
74169 0 0 0 0
71542 1 0 1 1
77751 0 1 1 1
83512 0 0 0 1
72010 0 0 1 1
75124 0 1 1 1
71999 0 0 1 1
71977 0 1 0 1
71966 0 0 0 1
71600 0 0 0 0
71973 1 1 0 0
83799 0 1 0 1
72001 1 0 1 0
71547 0 1 1 1
71608 0 1 1 0
76652 1 1 1 1
75140 0 1 1 1
62277 1 0 1 1
71697 0 1 1 1
75148 1 1 1 0
80340 1 0 1 0
74543 1 1 1 0
83506 0 1 0 0
80093 0 1 0 0
77771 0 0 0 0
74614 1 0 1 1
76603 1 1 1 1
80338 1 0 0 1
79917 1 1 1 1
71616 1 1 1 0
76641 1 1 1 1
75209 0 0 0 0
79988 1 1 1 1
80345 1 0 1 1
71968 0 0 0 1
83699 0 1 0 0
72006 1 1 0 0
80009 0 1 0 1
71538 1 1 1 1
77739 1 1 1 0
79991 1 0 1 0
75128 1 0 1 0
77729 1 0 0 0
71975 0 0 1 0
