76655 0 0 0 1
75227 1 0 1 1
74882 1 1 1 1
65037 1 1 1 1
52876 1 1 1 1
52488 1 1 1 1
52290 1 1 1 0
61983 1 1 1 1
76726 1 0 0 0
75208 0 1 0 1
70517 1 0 1 0
62715 0 0 1 1
52098 0 1 0 1
62470 1 0 1 1
74748 1 1 1 1
53118 0 0 0 0
73340 1 1 0 1
74817 1 1 1 1
70507 1 1 1 1
64684 0 0 1 0
73318 1 1 1 1
64640 0 0 0 1
61631 1 1 1 1
74759 1 1 1 1
74323 1 1 1 1
52794 1 1 1 0
52071 1 1 1 1
52880 1 1 1 1
79971 1 1 1 0
74292 1 1 0 1
62719 1 1 1 1
76852 1 1 1 1
66310 1 0 1 1
71580 1 1 1 1
55131 1 1 1 1
74294 1 1 1 1
62018 1 1 1 1
76643 1 1 1 1
52551 0 1 1 1
53205 0 1 0 1
66320 0 0 0 0
64607 0 1 1 0
62095 1 1 1 1
70245 1 1 1 1
70282 1 0 1 1
64636 0 1 0 0
64659 0 1 1 1
61608 1 1 1 1
52504 1 0 1 0
72831 1 1 1 1
72121 1 1 1 1
70260 0 0 1 0
52081 0 1 1 0
75234 1 1 1 1
73488 1 0 1 1
75751 1 1 1 1
72117 0 1 1 1
52120 0 1 0 1
71934 1 0 1 0
70494 1 1 1 1
61991 1 1 1 1
61687 1 1 1 1
76642 1 1 1 1
55112 0 1 1 1
70281 0 1 1 1
53293 1 1 1 1
53196 1 1 1 1
72933 1 1 1 1
66352 1 1 1 1
71623 1 1 1 1
79854 0 1 1 1
54440 1 1 1 1
52875 0 1 1 1
52887 1 1 1 1
64626 0 1 0 1
52731 0 1 0 1
52787 1 1 1 1
65185 0 0 0 1
75235 1 1 1 1
52882 1 1 1 1
74454 1 0 0 0
62023 0 0 0 0
65028 1 0 1 1
74798 1 0 1 1
53961 1 1 1 1
66039 0 1 1 1
75216 1 1 1 1
70253 0 0 0 0
53249 1 1 1 1
74752 0 0 1 1
53586 1 0 1 0
74861 0 0 0 1
61880 1 1 1 1
53794 1 1 1 1
62689 1 1 1 1
76654 1 1 1 1
73350 0 1 0 1
74720 0 0 0 1
52076 1 1 1 1
65188 1 0 1 1
52108 1 0 1 0
74764 1 1 1 1
54008 1 0 1 0
73467 0 0 1 0
62052 1 1 1 1
61973 1 1 1 1
70293 1 1 1 0
74881 1 1 1 1
75251 1 1 1 1
70306 1 1 1 0
74539 1 1 1 0
62732 1 0 1 1
79835 0 1 1 0
53795 0 0 0 0
76639 0 0 1 1
53210 0 1 0 0
73358 1 1 1 1
52641 1 1 1 1
75242 1 0 1 1
74747 1 1 1 1
72123 1 1 1 1
75285 0 1 1 1
52789 1 1 1 1
70283 0 0 1 0
66038 0 0 0 0
53799 1 1 1 1
64702 1 1 1 1
52786 1 1 1 1
52869 1 1 1 1
62060 0 1 1 1
62721 1 1 1 1
72116 1 1 1 1
64599 0 0 1 0
76609 1 1 1 1
73347 1 1 1 1
70317 1 1 1 1
70249 1 0 1 1
52778 1 1 0 1
75750 1 1 1 1
70576 1 0 1 0
70503 0 1 1 1
70256 0 1 1 1
53621 0 1 1 0
76793 0 1 1 1
62722 1 1 1 1
76610 1 1 1 1
52084 0 1 1 1
81346 1 1 1 1
61974 1 1 1 1
52570 0 1 1 0
71622 1 1 1 1
65640 0 0 1 1
64616 0 0 1 0
62010 1 1 1 1
74408 1 1 1 1
70254 1 0 1 1
64696 1 1 1 1
62729 1 1 1 1
62014 1 1 1 1
74716 0 1 0 1
74710 1 1 1 1
64510 1 1 1 1
73370 1 1 1 1
66298 1 1 1 1
73382 1 1 1 1
52115 0 0 1 0
62074 0 1 1 1
74786 1 1 1 1
67037 1 1 1 0
65179 0 1 1 0
70496 0 1 1 1
52552 0 1 0 1
53800 0 1 0 1
65221 1 0 0 1
70248 0 1 1 1
66311 0 1 1 1
74711 1 1 1 1
75233 1 1 1 0
70297 1 0 1 1
74353 1 1 1 1
72796 1 1 1 0
75209 0 1 1 1
75249 1 1 1 1
64638 0 0 1 1
74707 1 1 1 0
74796 0 1 1 1
70300 1 0 1 1
54835 0 1 1 0
53798 0 1 1 1
71275 1 1 1 1
71586 1 1 0 1
71949 1 1 1 1
76645 1 1 1 1
76595 1 1 1 1
75246 1 1 1 1
74746 1 1 1 1
64664 0 0 0 0
70263 1 1 1 1
52553 0 1 1 0
53584 0 0 0 0
62011 1 1 1 1
74768 1 1 1 1
52525 0 1 1 1
65191 1 1 0 1
52597 0 0 1 1
73335 1 1 1 1
74322 1 1 1 1
70497 1 1 1 1
61972 1 1 1 0
64623 0 1 0 0
72968 1 1 0 1
61867 1 1 1 1
67019 1 0 1 0
52811 1 1 1 1
55176 1 1 1 1
76647 1 0 1 1
62441 1 1 1 1
53280 0 1 0 0
52801 0 1 1 1
64701 0 0 0 0
52518 0 1 1 0
57050 1 1 1 1
75219 0 0 1 1
53788 0 1 1 1
70369 1 1 1 1
73303 1 1 1 1
70314 1 0 0 1
52096 0 1 0 1
64613 0 0 0 0
52093 0 1 1 1
53619 1 1 1 1
64698 0 1 0 1
74397 1 1 1 1
70307 1 1 1 1
73366 1 1 1 0
62511 1 1 1 1
52890 1 1 1 1
75224 0 1 1 1
53792 0 0 1 1
70287 0 1 0 0
62055 1 1 1 1
61678 1 1 1 1
75250 1 1 1 1
52792 1 1 1 0
66340 1 1 1 1
74309 1 0 1 1
74346 1 1 1 1
76611 1 1 1 1
53253 1 1 0 1
73329 1 1 1 1
62064 1 1 1 1
62073 1 1 1 1
52087 0 1 0 1
61882 1 1 1 1
62050 1 1 1 1
52785 1 1 1 1
74714 1 1 1 1
74605 1 0 0 0
66299 1 1 1 1
53216 1 1 1 1
64593 1 0 1 1
62688 1 1 0 0
74615 1 1 1 1
61689 1 1 1 1
76584 1 0 1 0
62099 0 0 1 0
64598 0 0 0 1
64652 1 1 1 0
74552 1 1 1 1
53194 1 1 1 1
76602 1 1 1 1
70319 1 1 1 1
75181 1 1 1 1
52577 0 0 1 1
65041 0 1 0 1
80783 1 1 1 1
74373 1 1 0 1
70472 1 1 1 1
75753 0 1 1 1
52497 1 1 1 1
61975 0 1 1 1
75229 1 1 1 0
57048 0 1 1 1
74545 1 1 1 1
62326 1 0 1 1
64620 1 0 1 1
76705 1 1 1 1
52842 1 0 1 1
74717 1 1 1 0
73322 1 1 1 1
71637 1 1 1 1
63843 0 0 0 0
74750 1 1 1 1
73355 0 1 1 0
62017 1 1 1 1
52508 1 1 1 1
53786 0 0 0 1
64700 1 1 1 1
73336 1 1 1 1
53802 1 1 1 1
72262 0 1 0 1
52575 0 0 0 0
61876 1 1 1 1
52846 1 1 1 1
73307 0 1 1 1
52111 0 1 0 0
70498 1 1 1 1
74713 1 1 1 1
73360 1 0 1 1
65192 0 0 0 0
52738 1 0 1 1
73306 1 0 1 1
53912 0 1 1 1
53290 0 1 1 1
52775 0 1 1 1
52773 0 1 1 1
71576 1 1 0 1
52877 1 1 1 1
73344 1 1 1 1
71061 1 1 1 1
70315 0 1 0 1
62234 1 0 0 1
66341 0 1 1 1
52891 0 0 1 1
64621 1 0 0 1
64694 0 0 1 1
64637 1 1 0 0
62012 1 1 1 1
64699 1 0 0 1
52469 1 1 1 1
52094 0 1 1 1
70463 0 1 0 1
73311 0 1 1 1
76594 0 1 1 1
67040 1 1 0 1
79966 1 1 1 1
52556 0 1 1 1
70469 1 1 1 1
81342 1 1 1 1
70509 0 0 0 1
53236 1 1 1 1
73367 0 1 1 1
62442 1 1 1 1
55681 0 1 1 1
53240 0 1 1 1
66300 1 1 1 1
76644 1 1 1 1
52784 1 1 1 1
72114 1 1 1 1
61857 1 1 1 1
55265 1 1 0 1
74534 1 1 1 1
61980 1 1 1 1
62730 1 1 1 1
70318 0 1 1 0
62072 1 1 1 1
75221 1 1 1 1
62024 1 1 1 1
52118 1 1 1 0
75752 1 1 1 1
76587 1 1 1 1
62058 1 0 0 0
73468 1 1 1 1
64597 0 0 0 1
75245 1 1 1 1
70461 0 0 0 1
74739 1 1 1 1
62066 1 0 1 1
70506 1 1 1 0
74614 1 1 1 1
70244 1 1 1 1
61627 1 1 1 1
76603 1 1 1 1
73343 1 0 1 1
74296 1 1 1 1
74377 1 1 1 1
70321 0 1 1 1
62006 1 1 1 1
64651 0 1 0 1
61976 1 1 1 0
75542 1 1 1 1
52793 0 1 0 0
61995 1 1 1 0
72261 1 1 1 1
52493 1 1 1 1
74812 1 1 1 1
76605 1 1 1 0
71201 1 1 1 1
53285 0 1 0 1
65658 0 0 1 0
74760 1 1 1 1
70499 1 1 1 1
61869 1 1 0 1
73166 1 1 1 1
53169 0 0 1 0
75283 1 1 1 0
52879 1 1 1 1
71995 1 1 1 1
74344 1 1 1 1
53793 0 1 1 1
70252 1 1 1 0
74725 1 1 0 0
71939 1 0 1 0
62692 0 1 1 0
64693 0 1 1 1
71626 1 0 0 0
52104 0 1 0 0
72131 1 0 0 1
76612 1 1 1 1
52886 1 1 1 1
76853 1 1 1 1
62022 0 0 1 1
74794 1 1 1 1
70286 0 0 0 1
75247 1 1 1 1
52871 1 1 1 1
70279 1 1 1 1
72258 0 1 0 1
61875 1 1 1 1
71726 1 1 1 1
70502 1 1 1 1
72127 1 1 1 1
61777 1 1 1 1
75223 1 1 1 0
74363 1 1 1 1
52735 1 1 1 1
64625 0 1 0 0
74282 1 1 1 1
76141 1 1 1 1
74766 1 1 1 0
79850 0 1 1 1
53273 1 1 1 1
81341 1 1 1 1
73369 1 1 1 1
52726 1 1 1 0
52790 1 1 1 1
62731 1 0 1 1
52849 1 0 0 0
64619 0 0 0 0
70264 0 1 1 1
61999 1 1 1 1
66303 1 1 0 1
62061 0 0 0 0
62078 1 1 1 1
52581 0 0 0 1
64647 0 1 0 0
70322 0 1 1 1
69872 1 1 1 1
52853 1 1 1 1
62062 1 1 1 1
81366 0 1 1 1
70431 1 1 1 0
52564 1 0 0 0
61855 1 0 1 1
61977 1 1 0 1
62680 1 1 0 0
64635 0 0 1 1
70276 0 0 1 1
74740 1 1 1 1
62717 1 0 0 1
74950 1 0 1 1
79837 1 0 1 1
62710 1 1 1 1
72245 0 0 1 0
53260 1 1 1 1
64650 1 1 0 0
71932 0 1 1 1
73302 0 0 1 1
76586 1 1 1 1
73213 0 0 0 0
73327 0 0 0 1
71575 1 1 0 1
74772 1 1 1 0
62008 1 1 1 1
52845 1 0 1 0
62019 1 1 1 1
61907 1 1 1 1
62402 1 1 1 1
74792 1 1 1 1
52051 0 0 1 1
61986 1 1 1 1
71984 1 1 1 0
62683 1 1 0 1
74755 1 1 1 1
66315 1 1 1 1
81419 1 1 0 0
62015 1 1 1 1
70275 1 1 1 1
75212 1 1 1 1
59327 0 1 1 0
61614 1 1 1 0
74317 1 1 1 1
62013 0 0 1 1
74446 1 1 1 1
62009 1 1 1 1
53312 1 0 0 1
64601 1 1 1 1
72260 0 1 1 1
55121 1 1 1 1
72259 1 1 1 0
53286 1 1 1 1
62711 1 1 1 1
62690 1 1 1 1
53790 1 0 0 1
62028 1 1 1 1
61998 0 0 1 0
73319 1 1 1 1
67017 0 0 0 0
74347 1 1 1 1
75226 1 1 1 1
74308 1 0 1 0
74535 0 1 0 1
75230 1 1 1 1
53789 0 1 0 0
65181 0 1 1 0
74793 1 1 1 1
74795 1 1 1 1
66302 1 1 1 1
54024 0 1 0 0
75053 0 1 0 0
74801 1 1 1 1
62071 1 1 1 1
72789 1 1 1 1
52540 0 1 0 1
73320 0 1 1 1
73325 1 1 1 1
71629 0 1 1 1
71930 1 1 1 1
70336 1 0 0 1
65046 0 0 0 0
76613 1 1 1 1
64594 0 0 1 0
61677 1 1 1 1
57796 1 1 1 1
70250 1 1 1 1
76707 1 1 1 1
57795 0 1 1 1
77725 1 0 1 1
74318 1 1 1 1
73359 1 1 1 1
52791 1 1 1 1
66343 0 1 1 1
53217 0 1 1 1
74290 1 1 1 1
73301 1 0 0 0
74775 1 1 1 1
52878 0 1 1 1
61681 0 1 1 1
56496 0 0 1 1
75289 1 1 1 1
74738 1 1 0 1
74325 1 0 1 1
70313 1 1 1 1
74298 1 1 1 1
53317 1 1 1 1
61984 1 1 1 1
74543 0 1 1 1
70432 0 1 1 1
76650 1 1 1 1
61978 1 1 1 1
52507 1 1 1 1
59289 0 0 0 0
64692 0 0 1 0
75754 1 1 1 1
72253 0 1 0 0
71585 0 1 1 1
74783 1 1 1 1
73304 0 1 1 1
71979 1 1 1 1
71589 1 1 0 1
76641 1 1 1 1
52088 0 1 1 1
75932 1 1 1 1
75239 1 1 1 1
71112 1 1 0 1
81415 1 1 1 1
64646 1 0 1 1
73522 1 0 1 1
74765 1 1 1 1
75215 1 1 0 1
52102 1 0 1 1
62712 1 1 1 1
65033 1 1 1 1
55352 1 1 1 1
52529 1 1 1 1
70504 1 1 1 1
74777 0 1 1 1
71159 1 1 1 1
65029 0 0 0 0
75260 1 1 1 1
75241 1 1 1 0
79978 1 1 0 1
74289 1 1 1 1
53314 1 1 1 1
53287 1 1 1 0
75050 0 1 1 1
53250 1 1 0 1
62051 1 1 1 1
71931 0 1 1 1
74368 1 1 1 0
75252 1 0 1 1
72371 0 0 1 0
61629 1 1 1 1
73299 1 1 1 1
62708 0 1 1 0
72254 1 1 1 1
76589 1 1 1 0
61988 1 1 1 1
62693 1 1 1 1
67018 0 1 1 1
61688 1 1 1 1
66037 1 1 1 1
79970 1 1 1 1
64617 0 0 1 0
74736 1 0 0 0
52541 0 0 0 1
53796 0 0 0 1
65190 1 1 1 0
52724 0 1 1 1
76590 1 1 0 1
53190 1 1 1 1
74542 1 1 1 0
74602 0 1 1 1
52080 1 1 1 1
52780 1 1 1 1
52783 1 1 1 1
70259 1 1 1 0
76640 1 1 1 1
52647 1 1 0 1
71581 0 1 1 0
53295 1 1 1 1
71639 1 0 0 1
74715 1 1 1 1
70492 1 1 1 1
53307 1 1 1 1
61997 1 0 1 1
52798 1 1 1 1
62734 1 1 1 1
66305 0 0 0 1
59324 1 1 1 1
62709 1 1 1 1
73589 0 0 0 0
52868 1 1 1 1
81364 1 1 1 1
75789 1 1 1 1
62026 1 1 1 1
61878 1 1 0 1
74780 0 1 1 1
73363 1 1 1 1
70262 1 1 1 1
52788 1 1 1 1
74741 1 0 1 1
76588 1 1 1 1
76648 1 1 1 1
66309 1 1 0 1
52114 0 0 0 1
53282 1 0 0 1
69314 1 1 1 1
65233 0 0 0 0
62020 1 0 1 1
79852 1 1 1 1
70465 0 1 0 0
81361 0 1 1 1
52101 1 1 1 1
76651 0 1 0 1
71592 0 1 1 1
62713 1 1 1 1
62001 1 1 1 1
79812 1 1 1 1
74371 1 1 1 1
54904 1 1 1 1
61979 1 1 1 1
76598 1 0 1 1
75248 1 1 1 1
66345 0 1 1 0
74800 1 1 1 1
52443 0 0 0 1
53797 0 0 0 1
52742 1 1 1 1
52873 0 1 1 1
52722 1 0 1 0
74391 1 1 1 1
75217 1 1 1 1
61861 1 1 1 1
52861 1 1 0 1
62707 0 1 1 1
62469 1 1 1 1
73330 1 1 1 1
74805 1 1 1 1
74299 0 1 1 1
73324 1 1 1 1
73333 1 0 1 1
74608 1 1 1 1
53296 1 1 1 0
76604 1 1 0 0
70501 1 1 1 1
70251 1 1 1 1
79972 1 1 1 1
76851 0 1 0 1
74326 1 1 1 1
66314 1 1 1 1
52799 1 1 1 1
52889 1 1 1 1
74611 1 1 1 1
73349 1 1 1 1
74797 1 1 1 1
64603 0 1 1 1
62714 0 1 1 1
62027 1 1 1 0
70289 0 1 1 1
52859 0 0 1 0
53269 1 1 1 1
62069 1 1 1 1
64618 1 0 1 0
76616 1 1 0 1
73331 1 1 1 1
70284 0 1 1 1
74320 0 1 1 1
62735 1 1 1 1
76846 1 1 1 1
52867 1 1 1 1
66304 1 1 1 1
74774 1 1 1 1
70493 1 1 1 1
70299 1 1 0 0
71583 0 1 1 1
65228 0 1 0 1
65183 1 1 1 1
70302 1 1 1 0
52580 1 0 1 1
62016 0 1 1 1
76652 1 1 1 1
69763 0 1 1 1
64690 1 1 1 1
64610 1 1 1 1
53288 1 0 1 1
57908 1 1 1 1
71630 1 1 1 0
70290 1 1 0 1
53310 0 1 1 1
62694 1 1 1 1
62053 0 1 1 0
76701 1 1 1 1
74355 1 1 0 1
71582 1 1 1 1
64706 0 0 0 1
71951 1 1 1 1
74753 1 1 1 1
61685 1 1 1 1
70266 0 0 1 0
74788 1 1 1 1
75231 1 1 1 1
70311 1 1 1 1
65230 0 1 1 1
66308 1 1 1 1
55303 1 1 0 1
71633 1 1 1 1
