81720 1 1 1 1
81705 1 1 0 1
55640 1 1 1 1
70485 0 0 0 1
70777 0 1 0 1
70451 0 0 0 0
65037 1 1 1 1
81681 0 0 0 1
81669 1 0 1 1
81684 1 1 0 1
62715 0 1 1 0
73340 0 1 1 1
81727 0 0 1 0
81713 0 1 0 1
81683 0 0 1 1
81759 0 0 1 1
73318 1 0 1 1
81760 1 1 1 1
70717 0 0 0 1
74402 0 1 0 1
70863 1 0 1 1
66310 0 1 0 0
81706 0 1 1 1
52042 1 1 0 0
74030 1 0 1 0
82422 1 1 0 1
84453 0 0 1 0
70865 1 1 1 1
70797 0 1 1 1
74635 0 1 0 0
70446 1 1 1 0
62095 1 1 0 1
81672 1 1 1 0
70843 1 1 1 1
81731 0 1 1 1
70282 1 0 0 1
81728 1 0 1 1
82406 0 1 1 0
70785 1 1 1 1
53089 0 0 0 0
73488 0 0 0 1
81752 1 0 1 1
71735 0 0 0 0
61687 1 1 1 1
82469 1 0 1 0
82509 1 1 1 0
72093 1 1 0 1
82566 1 1 1 1
82447 1 0 1 0
82410 1 1 1 1
70718 0 0 0 0
82723 1 1 1 1
54336 0 0 0 0
82466 1 0 0 1
70836 1 1 1 1
82571 1 1 1 1
70826 1 1 1 1
62023 0 0 0 1
55695 0 1 1 0
70479 1 0 1 1
70783 1 1 1 0
55617 1 1 1 1
82425 1 1 1 1
81753 0 1 1 0
70443 1 1 1 0
55606 0 1 1 1
82499 1 1 0 1
61880 1 1 1 1
81677 0 1 1 1
62689 1 1 1 0
74387 0 0 1 1
70772 0 1 1 1
82497 1 1 1 1
81712 0 0 0 1
55643 0 1 1 1
73350 1 1 1 1
82415 1 1 1 0
70778 1 1 1 1
82423 1 0 1 1
82591 0 0 1 1
70442 0 1 1 1
70835 1 1 1 1
62052 1 1 1 1
70306 1 1 0 1
55615 0 1 0 1
62732 1 0 1 1
54326 0 0 0 0
73358 1 1 1 1
52641 1 1 0 1
70447 1 0 1 1
70864 0 0 1 1
82587 1 0 1 1
81732 1 1 1 0
59700 1 0 1 1
62060 1 0 1 0
82569 1 1 1 1
70476 1 1 1 1
54331 0 0 0 0
55669 0 1 1 1
73347 1 1 1 1
82507 1 1 1 1
70317 1 0 1 0
70249 1 0 1 1
70256 1 1 0 1
82579 1 1 0 0
82468 0 1 1 1
70414 0 1 0 0
82508 1 1 1 1
82501 1 1 1 1
61974 1 1 1 1
71557 1 1 1 1
62010 1 0 1 1
54324 0 0 1 0
62334 1 0 0 1
74408 1 1 1 1
70254 1 1 0 1
62729 1 0 1 1
61879 0 0 0 0
70448 1 0 0 0
82407 1 1 1 1
64510 1 1 0 0
73370 1 0 0 1
66298 1 1 1 1
81695 1 0 1 0
82580 1 0 1 1
67037 1 1 1 1
82460 1 0 1 1
81678 0 1 0 1
56748 0 0 0 0
70482 1 1 1 0
82570 0 1 1 1
70798 1 0 1 1
82498 1 0 0 0
82424 1 1 1 1
69313 0 1 0 1
70297 1 1 1 1
81747 1 1 0 0
70847 1 1 1 1
81682 0 0 0 1
70437 1 1 1 1
82512 1 1 1 0
55653 1 1 1 1
81750 0 1 0 0
55629 1 0 0 0
55642 1 1 0 1
82458 1 0 0 1
81690 0 1 1 1
72555 0 0 0 0
70263 1 1 1 1
70867 1 1 1 1
54651 0 0 0 0
54619 0 0 0 0
54562 0 0 1 0
62011 1 1 0 1
73356 1 1 1 1
58606 1 1 1 1
70406 1 1 0 1
82471 1 1 1 1
73335 0 1 1 1
74322 1 1 0 1
61972 1 0 0 0
67019 1 1 1 1
70441 1 1 1 1
74971 0 1 0 0
72829 0 0 0 0
62441 0 0 0 0
70489 1 1 1 1
81744 1 0 1 1
82574 1 1 1 1
73303 1 1 1 1
54327 1 0 1 0
54030 1 0 1 0
82414 1 1 1 1
70314 0 0 1 1
70846 1 1 1 0
55670 1 0 1 1
70866 0 0 0 1
82568 1 1 1 1
70421 1 1 0 1
74397 1 1 1 1
70779 1 1 1 1
70781 1 1 1 1
62511 1 1 1 1
70287 0 0 0 0
55680 1 0 1 1
70790 1 1 1 1
82470 1 1 1 1
70720 0 0 0 0
70834 1 1 1 1
62005 0 0 1 0
54293 0 0 0 0
82465 1 1 1 1
81671 1 0 1 0
81725 1 0 0 1
81696 0 0 0 1
70832 1 1 1 1
66301 0 1 1 0
55639 1 0 0 1
82450 1 1 1 1
71146 1 0 0 1
70428 1 0 0 1
62285 0 0 1 0
81758 1 0 1 1
81679 1 1 0 1
82490 1 1 1 1
66312 0 1 0 1
66299 1 0 1 1
74349 1 1 1 1
71998 0 1 1 1
61689 0 1 0 0
81715 0 0 0 1
81686 0 1 1 0
70319 1 1 0 1
81668 1 0 1 1
54318 1 1 0 1
74373 0 0 1 1
55625 1 1 1 1
61975 0 1 0 1
70484 1 1 1 1
54328 1 0 0 0
55652 0 1 1 1
70475 1 1 1 1
73322 1 0 1 1
81709 1 1 0 1
70833 1 0 1 1
74017 0 0 1 1
73355 1 1 1 1
61982 0 0 1 0
62017 1 1 1 1
53802 1 1 0 1
82416 0 1 0 1
73307 1 1 1 1
71652 1 1 0 0
81734 1 1 1 0
82575 1 1 0 1
70427 1 0 1 1
70845 1 1 1 1
52659 1 1 0 1
54660 0 0 0 1
82577 1 1 1 1
82502 1 0 1 0
70440 1 1 0 1
81729 0 0 1 0
73344 0 0 0 1
55612 0 1 1 1
70782 1 1 1 1
55662 1 0 1 1
71564 0 1 1 0
73311 0 0 0 0
81332 0 0 1 1
70844 0 0 0 1
70412 0 1 0 1
70422 1 1 0 0
73367 1 1 1 1
81716 1 1 1 0
81751 0 0 1 1
81685 0 0 1 1
62730 1 1 1 0
61980 0 0 0 1
70318 0 1 1 1
62024 1 1 1 1
73468 1 1 1 1
82576 0 1 1 0
62286 0 0 0 0
62277 1 1 1 1
81670 0 1 0 1
70409 1 1 0 1
81703 0 1 1 1
81324 0 1 1 0
54611 0 0 0 0
82496 1 1 0 0
70831 1 1 1 1
73343 0 1 1 1
54557 0 0 0 1
81692 1 1 0 1
62006 1 0 1 1
61995 1 1 1 1
81741 0 1 0 0
81694 1 0 1 1
54317 1 1 0 1
70474 1 1 0 1
61869 0 0 0 0
71570 1 1 1 1
82582 1 1 1 1
82462 1 0 1 1
82411 1 1 0 1
74344 1 0 1 1
70252 0 1 1 1
81749 0 1 1 1
70789 1 0 0 1
81742 0 1 1 1
70417 1 0 0 1
70791 1 1 1 1
62692 0 0 0 0
81691 1 1 1 1
54332 0 0 0 1
54320 0 0 0 0
71712 1 0 1 1
75101 0 1 1 1
70490 1 1 0 1
70719 0 0 0 0
70279 0 1 1 1
70871 1 1 1 1
73351 1 1 1 1
55601 1 1 1 1
82643 1 1 0 0
66348 0 0 0 0
61875 0 0 0 0
70713 0 0 0 0
55608 0 1 1 1
74363 1 1 0 0
82429 1 1 0 1
82489 0 0 0 0
74282 1 1 1 1
82492 1 1 1 0
55119 0 0 0 0
70824 0 0 0 0
81723 0 1 1 1
73369 0 0 0 0
73368 1 0 1 1
62731 1 1 1 1
81699 1 1 0 0
70481 1 1 1 1
61999 1 0 1 1
52652 1 0 0 1
54637 0 0 0 0
82099 0 1 1 0
69872 1 1 1 1
55637 0 1 0 0
70792 1 1 1 1
62717 0 1 0 0
82504 1 1 1 1
62710 1 1 1 1
70439 0 1 1 1
82456 0 0 0 1
73327 0 0 0 0
70838 1 1 1 1
62019 1 1 0 1
82419 1 1 1 1
81688 1 0 1 1
55627 1 0 1 0
61907 1 1 0 1
71651 1 1 0 0
73043 1 1 0 0
61986 1 1 1 1
82584 1 0 1 1
74321 1 1 1 1
54648 0 0 1 0
62683 0 1 1 1
70410 1 1 1 1
61683 1 1 1 1
70714 0 0 1 0
81743 0 0 1 1
70780 1 0 1 1
62013 0 1 0 0
55603 1 1 1 1
82491 0 1 1 1
82412 1 1 1 0
55610 1 1 0 0
82583 1 1 0 1
62711 0 1 0 0
82463 1 1 1 0
62690 1 1 1 0
62028 1 0 1 0
55602 1 1 1 1
70436 1 0 0 0
56577 0 0 1 0
81764 0 0 1 1
70488 0 0 0 0
73319 1 1 1 1
70255 1 1 0 1
82593 1 0 1 1
70323 1 1 0 1
81718 1 1 1 1
66302 1 1 1 1
61868 0 0 1 1
82573 1 1 1 1
81726 0 1 1 1
82457 1 1 1 1
81740 1 1 1 0
60398 0 1 1 1
73320 1 1 1 1
73325 1 1 1 1
81757 1 0 0 1
55609 1 1 1 1
71743 1 0 1 1
81719 1 0 1 1
82592 0 1 0 1
70423 1 0 0 0
81687 1 1 0 0
55673 1 0 1 0
73359 1 1 1 1
56432 0 1 0 0
74290 1 1 1 1
82436 1 1 1 1
55665 1 0 1 1
82464 0 0 0 1
74940 0 0 0 0
81733 0 0 0 1
61681 1 1 0 1
82451 1 1 1 1
82510 1 1 1 1
61984 0 1 0 0
71427 1 1 0 1
52646 0 1 0 0
62686 1 1 0 1
54655 1 0 0 0
55654 1 0 1 1
73304 1 1 1 1
70829 1 1 1 1
70486 0 1 1 1
81697 0 1 1 1
82417 1 1 0 0
81722 1 1 1 1
71573 0 0 0 1
70444 1 0 0 0
82435 1 1 0 1
81754 1 0 0 1
62025 0 0 0 0
70775 1 1 1 1
62051 0 1 0 1
81708 0 0 0 1
81674 0 1 1 1
55604 1 0 1 1
73299 1 1 1 1
70793 1 1 1 1
82627 1 1 1 1
81738 1 1 1 0
71467 1 1 0 1
70477 0 0 1 1
70715 0 0 0 0
82511 1 1 1 1
82506 1 1 1 0
54294 0 0 0 1
72668 0 0 1 0
55655 0 1 0 1
81739 0 0 0 1
71654 1 0 1 1
62684 1 0 0 0
54653 0 0 0 0
62059 1 1 0 1
81717 1 0 1 1
70861 1 1 1 1
70842 0 0 0 0
62077 1 0 1 0
81762 0 1 0 1
53101 0 0 0 0
82454 1 1 1 1
70413 0 1 0 1
82488 1 1 1 1
62276 0 0 0 0
62734 1 1 1 1
82596 1 1 1 0
54541 0 0 0 0
62709 1 1 1 0
70483 0 0 1 1
66342 0 0 1 0
55657 1 1 1 1
70804 0 0 0 0
70262 1 1 1 0
70415 1 0 1 0
54664 0 0 1 0
66309 0 1 0 1
82453 1 1 1 1
82427 1 1 0 1
70787 1 1 1 1
82500 1 1 1 1
62054 1 0 0 0
81675 1 1 0 1
82474 1 1 1 1
70822 0 0 0 0
62713 0 0 0 0
70416 1 0 0 1
70445 0 1 0 0
70407 0 0 1 1
54539 1 0 0 1
81748 0 1 1 0
82426 1 1 1 1
54544 0 1 1 0
81755 1 0 1 1
82409 1 1 1 0
82431 1 1 1 1
81707 0 1 1 1
70830 1 1 1 1
62707 1 1 0 1
82581 1 1 1 1
70840 0 1 1 1
81721 1 0 0 0
73330 1 0 1 1
81700 1 0 1 0
54333 0 0 0 0
81736 0 1 1 1
73324 0 1 1 1
73333 0 1 0 0
70251 1 1 0 1
74326 1 1 1 1
81673 0 1 1 1
82628 1 0 1 0
73349 1 1 1 1
70827 1 0 1 1
82578 1 1 1 1
82455 1 1 1 1
70425 0 0 0 1
81735 0 1 1 1
55656 1 1 1 1
55658 1 0 1 1
55624 1 0 0 0
81761 1 1 0 0
81701 1 0 0 0
81756 0 1 1 1
71935 0 0 1 1
73331 1 0 0 1
70480 1 0 1 0
70324 1 0 1 1
66304 1 0 0 1
70491 1 0 0 0
70299 1 1 1 1
71571 0 0 1 1
70837 1 1 1 1
70438 1 1 0 1
52633 0 0 1 0
82493 1 1 0 1
55616 1 1 1 1
62694 1 1 1 1
55628 0 1 1 1
81710 0 1 0 0
70266 1 0 1 1
81680 1 1 1 1
70776 1 1 0 0
66308 1 0 1 1
70257 1 1 1 1
