77860 1 1 0 1
74882 0 1 0 1
65037 1 1 0 0
52488 0 0 0 0
72786 0 0 0 0
75208 0 0 0 0
62715 0 0 0 0
62470 1 1 1 0
73340 1 0 0 0
73318 1 1 0 1
70273 1 0 0 0
52630 0 1 0 0
79971 1 1 1 1
62049 1 0 0 0
62719 1 1 0 1
77759 1 1 0 1
74304 0 1 0 0
66310 0 0 0 0
62095 0 0 1 1
70245 0 0 0 0
70282 0 0 0 0
61608 1 1 1 1
74314 1 0 1 1
70260 0 0 0 0
75213 0 1 0 0
61991 0 0 0 1
71623 0 0 1 1
79854 1 0 1 0
71634 0 0 1 1
62023 0 0 0 0
75216 1 1 0 0
61880 1 1 1 1
77931 0 0 1 1
73350 1 1 1 0
71948 0 1 0 0
82758 1 0 1 1
80903 0 0 1 1
74701 1 1 1 1
73467 1 1 0 0
70332 0 0 0 0
62052 0 0 0 1
61973 0 1 1 1
62732 0 0 0 0
79835 0 0 1 0
73358 1 1 1 1
74747 1 1 0 1
75285 0 0 0 0
62718 1 1 1 0
52464 0 1 1 1
59700 0 0 0 1
70283 1 1 1 1
74763 1 0 1 1
62060 0 0 0 0
62721 0 1 0 0
71579 0 0 1 1
73347 1 1 0 1
70317 1 0 0 1
70249 0 0 0 0
77912 1 1 1 1
62722 1 1 1 1
81336 0 1 0 0
81346 0 1 1 0
61974 0 0 1 0
71625 1 0 0 0
71622 0 0 0 0
62010 0 0 0 1
70254 0 0 0 0
62729 1 1 1 0
61879 0 0 0 0
62014 0 1 1 1
64510 0 1 1 0
66298 1 1 0 1
62074 1 1 0 0
67037 1 0 0 0
70248 0 0 0 0
66311 1 1 1 1
74711 1 1 0 1
71591 0 1 0 0
75209 0 0 0 0
75249 0 1 0 1
74796 0 0 1 1
70300 1 1 1 1
71586 1 0 0 0
75210 0 0 0 0
75246 1 0 0 1
52502 1 0 0 0
70263 0 0 1 0
62011 0 0 0 0
58606 0 0 0 0
73356 0 0 0 0
70331 1 1 0 0
62167 0 0 0 0
73335 0 1 1 1
74322 0 0 1 1
61972 0 0 0 1
67019 1 0 1 1
61867 0 0 1 0
71624 1 1 1 1
61985 1 0 0 0
62441 1 1 1 1
77829 1 0 0 1
80896 0 0 1 1
73303 0 0 1 0
54030 1 1 1 1
70314 0 0 1 0
52040 0 1 1 0
77683 1 1 1 1
74397 1 0 0 1
62511 1 1 0 1
77761 1 1 1 1
75224 1 1 1 0
62055 1 1 0 1
79839 1 0 0 0
61678 1 1 0 1
75250 1 0 1 1
66340 1 1 0 0
70268 1 0 0 1
77785 1 1 1 1
62005 0 1 0 0
62064 1 1 1 1
77770 1 0 1 1
61882 0 0 0 0
62050 0 1 1 1
81074 1 1 1 0
66312 1 0 0 0
80883 0 1 0 1
74784 1 1 1 1
62688 0 0 0 0
61689 1 0 0 1
74552 1 0 0 0
70319 1 0 0 1
74737 0 1 1 1
75753 1 0 0 0
61975 1 1 1 1
74545 0 1 0 1
80893 0 0 1 1
73355 0 0 0 0
61982 0 0 0 0
62017 1 1 1 1
52508 0 0 0 0
61876 1 1 0 1
62488 1 1 1 1
75253 0 0 0 0
52659 1 1 1 1
71576 0 0 1 0
73344 1 1 1 1
71061 1 1 1 1
62482 1 0 0 0
62012 0 1 1 0
61881 1 0 1 1
52094 0 0 0 0
73311 1 1 1 1
52462 0 1 0 1
67040 1 0 0 0
79966 1 1 1 1
73308 0 1 1 0
73367 1 1 0 1
66300 1 1 0 0
72114 1 1 0 1
62730 0 1 0 0
61980 1 0 0 0
73214 0 0 0 0
70318 0 1 1 0
62072 1 0 0 0
62024 1 1 0 0
73357 1 0 0 0
62277 1 1 0 1
81075 1 0 0 1
75245 0 0 1 1
62066 0 0 0 0
62489 1 0 0 0
61627 0 0 0 0
73343 0 1 1 0
77905 1 1 0 1
62006 1 1 0 1
61995 1 0 1 1
77731 1 1 0 1
71834 0 0 0 0
74760 0 1 0 0
61869 0 0 0 1
52458 1 0 1 0
61851 1 0 0 0
80894 0 0 0 0
70380 0 0 1 0
74344 1 0 1 1
80892 1 1 1 1
62022 0 1 1 0
74794 0 0 1 1
70719 0 1 1 0
70279 1 1 1 1
61875 0 0 0 0
71726 0 1 0 1
72127 0 0 0 0
75223 0 0 0 0
71638 0 1 0 0
79850 1 1 1 1
64737 1 0 1 1
73369 1 1 0 0
73368 0 0 1 0
62731 0 0 0 1
70264 0 0 0 1
61999 1 0 1 0
62061 0 0 0 0
62007 1 1 0 0
77763 1 1 1 1
69872 1 1 1 0
62062 0 0 0 1
61855 0 0 0 1
61977 0 1 0 0
62717 0 0 0 0
79837 1 1 1 0
62710 1 1 1 1
77717 0 0 1 0
81072 0 0 1 1
73327 0 0 0 1
80889 1 0 1 1
62008 1 0 0 1
62019 0 0 0 1
62402 0 1 1 1
61907 0 0 0 0
61986 1 1 0 0
74321 1 1 1 1
62683 1 0 1 1
61683 1 1 1 1
70714 0 1 0 0
66315 1 1 1 1
62015 0 1 0 0
62013 0 0 0 0
62009 0 0 0 0
80895 0 0 0 0
62711 0 1 1 0
62690 0 1 1 1
62028 1 1 0 0
66302 1 1 1 1
61868 0 1 1 0
52496 1 1 1 1
62486 0 1 1 1
73493 0 1 1 1
81073 0 0 0 0
61677 1 1 0 0
73359 1 1 1 1
66343 1 0 0 0
74290 1 0 0 1
74749 1 0 0 1
80888 0 0 0 0
56496 1 0 0 0
61984 0 0 0 0
61978 0 1 1 1
52507 1 1 1 0
62686 1 0 1 1
71979 0 1 0 0
71589 1 0 0 1
75239 1 1 1 1
77729 0 0 0 0
74773 0 0 1 0
75215 1 1 1 0
62025 0 0 0 0
79978 0 0 1 0
62051 1 1 1 1
75252 1 0 0 0
53950 1 0 0 0
61629 1 0 0 0
61988 1 0 0 1
62693 0 0 0 0
67018 0 0 0 0
79970 0 0 1 1
70715 0 0 0 1
74875 1 1 0 1
62684 0 0 0 0
62059 0 0 1 1
70259 0 0 0 0
77743 0 1 1 1
62077 1 0 1 0
74715 1 0 0 1
71639 0 0 1 1
62734 1 1 0 1
62709 0 0 1 1
52616 0 0 0 0
70804 1 0 0 0
77938 1 1 1 1
52491 1 1 1 1
62026 1 0 0 1
73363 0 0 0 0
70262 0 0 0 0
66309 1 0 0 0
69314 0 1 1 0
79852 1 1 1 0
77787 1 1 0 1
70822 0 0 1 0
62713 1 0 0 1
79812 0 1 1 0
74371 1 1 0 1
52494 1 1 1 1
61979 1 0 1 1
77788 1 0 0 0
81071 0 0 0 0
61861 0 0 0 0
62707 0 0 0 0
74537 1 0 0 0
62469 1 1 0 0
74805 0 1 1 0
73330 1 1 0 0
73324 1 0 1 0
74608 1 1 1 0
84426 1 0 1 0
70251 1 1 1 0
74326 1 1 1 1
66314 0 1 1 1
74611 0 1 0 1
73349 0 1 0 0
62714 1 1 1 1
62027 0 0 1 0
70289 1 1 1 1
62069 1 1 1 0
53986 0 0 1 0
73331 1 1 1 1
80884 1 1 0 1
74320 1 0 0 1
70324 0 0 0 1
53681 0 0 0 1
77751 1 1 1 1
70299 1 1 0 0
69763 0 1 0 0
52633 1 0 0 0
62694 1 1 1 1
71582 0 0 1 0
75231 0 0 0 1
70311 1 1 1 0
66308 1 1 1 1
71633 1 1 0 1
