83515 0 1 1 0 0
76310 0 1 0 1 1
62470 1 0 1 1 1
71546 1 0 1 1 1
84221 1 1 0 1 0
75981 0 0 0 0 0
71537 0 1 1 1 1
76643 1 1 1 1 1
71610 1 1 0 1 1
72121 0 0 0 1 1
71548 1 1 1 1 1
76320 0 1 1 0 0
76015 0 0 0 0 0
76617 0 1 1 1 1
74511 1 1 0 0 1
71613 1 1 1 1 1
76027 0 0 0 0 0
61773 1 1 0 0 1
75968 1 0 1 0 0
74701 1 1 1 1 0
75921 0 0 0 0 0
76639 1 1 1 1 1
71545 1 1 1 1 1
71606 1 1 1 1 0
71611 1 0 0 1 0
71547 1 1 1 1 1
75930 1 1 0 1 1
74786 1 1 1 0 0
71616 1 1 1 0 0
74707 0 1 0 1 0
75960 0 1 0 0 0
71612 1 0 1 1 0
76595 1 0 0 1 0
71544 1 1 1 1 1
71618 0 1 0 1 1
83518 1 1 1 1 0
72976 1 0 0 0 0
71528 0 0 1 1 1
75861 1 0 1 0 1
71602 0 1 0 0 0
71598 1 1 1 1 0
75969 1 1 1 1 1
75224 0 1 1 1 1
76402 1 0 0 0 0
75903 0 0 0 0 0
71532 1 1 1 1 0
76352 0 0 0 0 0
83527 1 1 0 0 0
76059 0 1 1 0 0
71533 1 0 1 1 1
76018 0 0 1 1 0
75970 1 0 1 0 0
75955 0 0 0 0 0
74614 0 1 0 1 1
76603 1 1 0 1 0
71538 0 1 1 1 1
76605 1 0 1 0 1
76593 1 1 1 0 1
71614 1 0 1 1 0
83520 0 1 1 0 1
82385 1 1 0 1 1
71599 1 1 1 1 1
76014 1 1 1 1 1
75131 1 1 1 1 1
71609 1 0 1 0 0
61777 0 1 0 1 1
74766 1 0 0 0 0
75931 1 1 1 1 1
75910 1 1 1 1 1
74740 0 1 1 1 1
83526 1 1 0 1 1
75975 1 0 0 0 0
76045 1 1 1 1 1
71539 1 1 1 0 1
71604 1 1 1 1 1
75917 1 0 0 1 0
53589 0 1 1 0 1
71603 1 1 1 1 1
76009 0 0 0 0 0
71605 1 1 1 0 1
76613 1 1 0 1 0
71542 1 1 0 1 0
71608 1 0 1 0 1
64692 0 0 1 0 0
75239 0 1 1 1 1
75899 0 0 0 0 0
65033 0 1 1 1 0
76589 1 0 1 0 1
76016 1 0 0 0 1
75972 0 0 0 1 1
76173 0 1 1 0 0
76640 1 1 1 1 1
71535 1 1 1 1 1
71541 1 0 1 0 0
76312 1 0 0 1 1
73025 0 0 0 1 1
63839 0 0 0 0 0
83517 1 0 0 1 1
69314 0 1 0 1 1
71534 0 1 1 0 1
76056 0 0 1 0 0
74800 0 1 1 1 0
75926 0 0 0 0 0
74608 1 1 1 0 0
76851 1 1 1 1 1
80346 1 1 1 1 1
75973 0 1 0 1 1
71607 1 1 0 0 1
65211 0 0 0 0 0
76652 1 1 0 1 1
57908 0 1 1 1 1
