64866 0 0 0 0 0
79976 1 0 1 0 1
70777 0 1 0 1 1
61983 0 0 1 1 0
81357 1 0 0 1 1
79848 1 0 1 1 0
62715 0 0 1 1 0
62470 0 0 1 1 1
53118 0 1 0 0 0
73340 1 1 1 0 1
78184 1 1 1 0 1
73318 1 1 0 0 1
70298 0 1 1 0 1
61631 1 1 1 0 1
62328 0 0 0 1 0
79971 1 0 0 1 0
79813 1 1 1 1 1
70863 1 0 1 1 1
81475 1 1 0 1 1
71580 1 1 1 1 1
70925 1 1 1 1 1
70797 0 0 1 1 1
70865 1 1 1 1 1
79842 1 1 1 1 1
62095 1 0 1 0 1
70843 0 1 1 0 1
52593 1 0 1 1 1
59269 1 1 0 0 0
61608 1 0 1 1 0
74314 1 1 1 1 1
70260 1 1 0 1 0
79967 1 0 1 0 1
70785 1 0 1 1 1
52687 0 1 1 1 1
73488 1 1 1 1 1
70766 1 0 0 1 1
72117 1 1 0 0 1
78173 0 0 0 1 1
79491 0 0 0 1 1
81369 1 1 1 1 1
75254 0 0 1 0 1
80216 0 1 0 0 1
79830 0 0 1 0 0
72047 0 1 0 0 1
76033 1 1 1 1 1
71623 1 1 0 1 1
79854 0 1 1 1 0
54440 1 0 1 0 0
71634 1 1 1 0 0
54558 0 0 1 1 0
54336 1 0 0 0 0
70836 1 0 0 0 1
74354 1 1 1 1 0
80904 1 0 1 1 0
70826 1 0 0 1 1
54538 1 0 0 0 0
62023 0 0 0 0 0
78385 1 1 1 1 1
70783 1 0 1 1 1
75216 1 1 1 1 0
81345 1 0 0 0 0
61880 1 0 1 1 1
62689 0 1 1 0 1
70772 1 1 1 1 1
75367 0 1 1 0 1
81996 1 0 0 0 1
81422 1 0 1 1 1
70778 1 0 1 1 0
61773 1 0 0 0 0
79497 1 1 1 1 1
64865 1 0 0 0 1
74764 1 1 1 0 1
74701 1 1 1 1 0
70835 1 0 0 0 1
62052 0 1 1 0 0
70293 1 1 0 1 1
79820 0 1 1 0 1
74881 1 0 1 1 1
70306 0 1 1 0 0
79835 1 0 1 0 0
53210 1 0 0 0 0
73358 1 0 1 1 1
74747 0 0 1 1 1
72123 0 1 1 1 0
70864 1 0 1 0 1
75285 0 0 1 1 0
61981 0 1 1 1 1
70283 1 1 1 0 1
74763 0 0 1 1 1
79807 1 1 1 1 1
62060 1 0 0 1 0
81379 0 1 0 1 1
79484 1 0 1 0 1
70935 0 0 1 1 0
71579 0 1 1 0 1
81411 0 1 0 1 0
54331 0 0 0 0 0
73347 1 1 1 1 0
79430 1 1 1 0 1
79823 1 1 1 1 1
78370 1 1 0 1 1
70317 1 0 1 1 1
70249 1 0 1 0 0
62722 1 1 0 1 1
70926 1 1 1 1 0
81346 1 1 1 1 0
74799 1 1 1 0 1
71783 1 0 1 0 0
61974 1 0 1 1 0
71557 1 1 1 1 1
78157 1 1 1 1 1
71622 0 1 1 0 1
73832 0 1 1 1 1
62010 1 1 0 1 0
70786 0 0 1 1 0
81924 1 1 1 1 1
81857 0 1 1 1 1
75372 0 1 1 1 1
78368 0 1 1 1 0
74408 0 1 1 1 1
80218 1 1 1 0 0
79833 0 1 0 1 0
62014 0 1 1 1 1
62275 1 1 0 0 1
66298 1 1 0 1 1
62074 0 0 0 0 1
67037 1 0 1 1 1
56748 0 0 0 0 0
70326 0 1 1 1 1
70248 1 1 1 0 1
66311 1 1 1 1 1
74711 1 1 1 1 1
54555 0 0 0 0 0
69313 1 1 1 1 1
71908 0 1 0 1 1
71415 0 0 1 1 0
62289 0 0 1 1 0
71591 0 1 1 0 0
75209 1 1 0 0 0
82755 1 0 1 1 1
75249 1 1 0 0 1
70300 1 1 1 1 1
79840 0 1 1 1 1
70847 0 0 1 1 1
72291 0 1 0 0 1
70930 0 0 1 1 1
71586 0 1 1 1 1
75210 1 1 1 1 1
55196 1 1 1 1 0
75246 0 1 1 1 1
74746 1 0 1 1 0
70263 0 0 1 0 1
54651 0 0 0 0 0
54619 0 1 0 0 0
71636 1 0 0 1 1
62011 1 0 1 0 1
70860 1 1 1 0 0
79965 1 0 1 0 0
78285 1 0 1 1 1
73335 1 1 0 1 1
61972 1 0 1 0 0
67019 0 0 1 1 1
72105 1 1 0 0 0
71624 0 1 1 0 1
62441 1 1 1 1 1
52658 0 0 1 1 0
80213 1 1 0 1 0
81418 1 0 0 1 1
78161 1 0 1 1 0
73303 1 0 1 1 0
79485 1 1 0 0 0
54327 0 0 0 0 0
54030 1 1 1 1 0
70314 0 1 1 0 0
52040 0 1 1 0 0
70846 1 1 1 1 1
81365 1 1 1 1 1
64613 0 1 0 0 0
70779 1 0 0 0 1
74397 1 1 1 1 1
62109 1 1 0 0 0
82075 1 1 0 1 0
62511 1 0 1 1 0
75368 1 0 0 0 0
75224 0 1 1 1 1
62108 0 1 1 1 0
79839 1 0 0 1 1
70790 0 1 1 1 1
66340 1 1 1 1 1
54612 0 0 0 0 0
75365 0 1 0 0 0
80771 1 1 1 1 0
62272 0 1 1 1 0
56330 1 0 0 1 1
54293 0 0 0 0 0
62005 1 1 1 0 1
78369 0 1 1 1 1
62064 1 1 1 1 1
62073 0 1 0 1 1
70832 1 0 1 0 0
61882 0 0 0 1 1
66301 0 0 1 1 1
81472 0 1 1 1 1
79496 0 0 0 0 0
62050 1 1 1 1 1
62285 1 1 1 0 0
66312 1 1 0 0 0
74349 1 1 1 1 1
74943 0 1 1 1 1
74784 0 1 1 0 0
62688 0 0 0 0 0
61689 1 0 1 1 0
52588 0 1 0 0 0
62099 0 0 0 0 0
74552 1 1 1 1 1
54640 0 0 1 1 1
70319 1 1 0 1 1
54318 1 0 0 1 1
62283 0 1 0 0 0
80783 1 1 1 1 0
78158 1 1 1 0 1
74737 1 1 1 1 1
75753 1 0 1 1 1
61975 1 1 1 1 0
75229 1 1 1 0 1
79808 0 1 1 1 0
74545 1 1 0 0 1
79829 0 0 1 0 1
79425 0 1 1 1 1
73322 0 1 1 0 1
73599 1 0 1 1 1
71637 1 1 0 1 1
73355 1 1 1 0 1
79809 1 1 0 0 1
61982 0 1 1 0 1
79422 0 1 1 1 0
75366 0 1 0 0 1
53802 0 1 1 1 1
61876 1 1 1 1 1
81998 1 0 0 1 1
81766 0 1 0 0 1
73307 0 1 0 1 1
78272 0 0 1 1 1
54337 0 0 0 1 1
70845 1 1 1 1 1
52659 1 1 1 1 1
78160 0 0 1 1 1
52604 1 1 1 0 1
73344 1 1 1 1 1
71587 1 1 0 1 0
71061 1 1 1 1 1
62012 1 0 0 1 1
54613 0 0 0 0 0
70782 1 0 1 1 1
73311 0 1 0 1 1
70844 0 1 1 1 1
70924 0 0 0 1 0
67040 1 1 1 0 0
75369 1 0 1 1 0
79966 1 0 1 0 1
73703 1 1 0 1 1
73308 1 1 1 1 1
81342 1 0 0 1 1
81424 1 0 1 0 0
73367 1 1 1 1 1
72114 0 0 0 0 0
79490 1 0 0 0 0
61857 1 1 0 0 1
62730 0 1 1 1 1
61980 1 1 0 0 0
70318 1 1 0 0 1
62072 1 0 1 1 0
81327 1 0 0 0 0
78174 1 1 0 1 1
79816 1 1 1 1 0
71418 1 1 1 1 0
73468 1 1 1 1 1
62286 0 0 0 0 0
75245 0 1 1 1 1
62066 0 0 0 0 0
54611 0 0 1 0 0
70831 0 0 1 1 0
73343 1 1 1 0 1
54557 1 1 1 1 0
81385 1 1 1 1 0
52587 1 1 1 0 0
62006 1 1 1 0 0
79838 0 1 1 1 1
74942 0 0 1 0 1
52609 1 0 1 1 1
52589 0 1 1 1 0
52592 0 1 0 0 1
78362 1 0 0 0 1
75542 1 1 1 1 1
61995 0 0 1 1 1
79111 1 0 0 0 1
76593 0 0 0 1 0
74760 0 1 1 1 0
54317 0 0 1 1 0
71570 1 1 1 0 1
79826 1 1 1 1 1
71562 1 1 1 1 0
59262 0 0 0 1 1
74344 1 1 1 1 1
70252 0 0 1 0 1
81471 1 1 1 1 0
70789 1 0 1 1 1
70791 1 1 1 1 1
70312 1 1 1 0 1
71626 0 0 0 1 0
62692 0 0 0 0 0
56460 1 1 0 1 1
73591 1 0 1 1 1
72059 1 1 1 0 0
54320 0 1 0 1 0
62022 1 0 0 0 1
74794 1 1 1 1 1
70931 1 1 1 1 1
70286 1 1 0 1 1
70769 1 1 0 1 1
62274 0 0 0 0 0
71588 0 1 1 0 1
70279 1 1 1 0 1
70871 1 1 1 1 0
73600 1 1 0 1 1
61875 1 1 0 1 0
71726 1 1 1 1 1
72127 0 1 1 1 0
74363 1 0 1 1 1
74282 1 1 1 1 1
79427 1 0 1 0 0
74766 1 1 0 1 1
70929 1 1 1 1 1
81341 0 0 1 1 1
79602 0 1 0 1 1
73368 0 1 0 0 1
71914 1 1 1 1 0
62731 1 1 1 1 1
52605 1 1 1 0 1
64619 0 0 0 0 0
70264 0 0 0 0 0
70933 1 1 0 1 1
61999 1 1 1 0 1
54637 0 0 0 0 1
62061 0 0 0 0 0
62078 1 0 1 0 1
62007 1 1 1 0 1
62062 0 1 1 1 1
71584 1 0 0 0 1
61855 0 1 1 0 1
61977 1 1 0 0 0
79487 0 1 1 1 0
72052 0 0 0 1 0
54543 0 0 1 1 1
70792 1 0 1 1 0
62717 0 0 0 0 0
79837 1 1 1 0 0
71086 0 0 0 0 0
62710 1 1 1 0 1
80506 1 1 0 0 0
73302 1 1 1 1 1
73327 0 0 0 0 0
70838 1 1 1 1 1
71575 1 0 0 1 0
62008 0 0 1 1 1
62019 0 1 1 0 1
79488 1 1 1 1 1
74792 1 1 1 0 1
62402 0 1 1 1 1
54628 0 0 1 0 0
61907 0 0 1 0 1
73043 0 1 1 1 0
73701 1 0 1 1 1
79827 1 0 1 1 1
79810 1 1 1 1 1
70869 1 0 1 1 0
61683 1 1 1 0 1
66315 1 0 1 1 1
73682 1 0 1 1 1
62015 1 1 1 0 0
66306 0 1 1 0 0
61614 0 1 1 0 1
78510 1 0 1 1 1
71431 0 0 0 1 0
70780 1 1 1 0 1
72909 1 1 1 1 1
71996 0 1 1 1 1
59266 0 1 0 0 1
79493 0 0 1 1 0
62711 0 1 1 0 1
62691 0 1 1 0 1
62690 0 1 1 1 1
70932 0 0 0 1 0
62028 1 1 0 0 1
61874 0 1 0 1 1
79857 0 1 0 1 1
74793 1 1 1 0 1
52598 1 1 1 0 1
79980 1 1 1 1 1
54024 0 0 0 0 0
54335 1 1 0 0 0
74801 1 1 1 0 1
71736 0 1 1 0 1
72290 1 1 1 0 0
71550 0 1 1 1 0
62071 0 1 1 1 1
79716 1 1 0 1 0
79851 1 1 1 1 1
52591 0 1 1 0 1
52606 1 1 0 0 1
81358 1 0 1 0 0
70773 0 0 1 1 0
70928 1 0 0 0 1
61677 1 0 1 1 1
79492 1 0 1 0 0
74318 1 1 1 0 1
73359 1 0 0 1 1
66343 1 1 1 1 1
74290 0 1 1 1 1
70839 1 0 1 0 1
55856 0 1 1 0 0
54535 1 0 1 0 1
56496 0 0 0 1 0
79836 1 0 1 0 1
75289 1 0 1 0 0
71561 1 0 0 1 1
75370 0 0 0 0 0
61984 0 1 1 0 0
71427 1 1 0 1 1
61978 1 0 1 0 1
75754 0 1 1 0 1
62686 1 1 1 1 1
79986 0 1 1 0 1
79844 0 1 1 1 1
73304 0 1 1 1 1
71589 0 1 0 1 0
66350 0 1 1 1 1
70829 1 1 1 1 1
61987 1 0 1 1 1
75239 1 1 1 1 1
81415 1 1 1 1 0
71779 0 0 0 1 0
74765 1 1 1 0 0
75215 1 1 1 0 0
62712 1 0 1 1 0
78356 1 1 0 0 1
82724 0 0 0 0 1
65033 1 1 1 0 0
79984 1 1 1 1 1
74312 0 1 1 1 1
79421 1 1 1 1 1
70828 1 0 1 1 1
81988 1 1 1 1 1
62025 0 0 0 0 1
81426 1 1 0 0 1
70775 0 0 1 1 1
79983 1 0 1 0 0
79978 1 1 1 1 1
78175 1 0 1 1 1
74368 0 1 1 1 1
81375 1 0 1 1 0
73299 0 1 1 1 1
71950 1 1 1 0 1
62708 0 0 0 0 1
61988 1 1 0 1 1
78169 1 1 1 1 1
62693 1 1 0 0 1
67018 0 0 1 0 1
81994 1 1 1 1 1
79600 1 0 0 0 1
79831 0 0 1 1 0
71631 1 0 1 1 1
74875 1 1 1 0 1
53190 1 1 1 1 1
62684 0 1 1 1 1
69316 1 0 1 1 0
62059 1 0 0 0 0
52608 1 1 1 1 1
70861 0 1 1 1 0
84086 0 0 0 0 0
71554 0 1 1 0 1
52647 0 1 1 0 0
82552 1 0 1 1 0
71421 1 0 1 1 0
71581 0 1 1 1 1
79482 0 1 0 1 0
71639 1 0 0 1 1
79856 1 0 0 1 1
79832 0 0 0 0 1
61997 0 1 1 0 1
66305 0 0 1 1 0
62709 1 1 1 1 1
70999 1 1 1 0 0
62026 1 1 1 1 1
79824 1 1 1 1 1
81420 1 1 1 1 1
70262 1 0 0 0 1
78266 1 1 1 0 0
71578 0 1 1 0 1
54664 0 0 0 1 0
70764 1 1 0 1 0
69314 1 1 1 1 1
70927 1 1 1 0 1
79811 1 1 1 1 1
79852 0 1 1 1 1
70787 0 0 1 1 1
81361 1 1 1 1 1
62054 0 1 1 0 0
81414 0 1 1 0 1
74789 1 1 1 1 1
72053 0 1 1 1 1
71592 1 0 1 1 0
62713 0 0 0 1 1
62001 1 1 0 1 1
79812 1 1 1 1 1
74371 1 1 0 0 1
79499 0 1 1 1 0
73352 0 1 0 0 0
54904 1 1 1 1 1
61979 1 1 1 1 0
54539 0 1 1 1 1
61993 0 1 1 0 1
66345 0 0 0 1 1
54976 1 1 0 0 0
73821 1 1 0 1 1
52595 1 0 1 0 1
79428 1 0 1 0 0
61861 0 0 1 0 1
75377 1 0 0 0 1
78171 1 1 1 1 1
70830 0 0 0 1 1
62707 0 0 0 1 0
70840 0 1 1 0 0
74805 1 1 1 0 0
70862 1 1 0 1 0
73330 1 0 1 0 1
74299 0 0 1 0 1
54333 0 0 0 0 0
70870 1 0 1 0 1
73324 1 1 1 1 1
74608 1 1 1 1 0
79972 1 1 1 0 0
74611 1 1 1 1 1
84445 1 0 1 1 1
70827 1 0 1 1 1
62027 1 1 1 1 1
70289 1 1 1 0 1
78276 1 0 0 0 1
79979 1 0 1 1 0
62069 1 1 0 1 1
78366 1 1 1 0 1
81362 0 0 1 0 0
71935 1 0 1 0 0
73331 0 1 1 1 1
71031 0 1 1 1 0
72068 0 1 1 0 0
70324 1 0 1 1 1
74774 0 0 1 0 1
62342 1 0 1 1 1
79853 1 1 1 0 1
70299 1 1 1 1 1
71583 0 0 1 1 1
71571 0 0 0 0 1
56456 0 0 0 0 0
62016 0 1 1 0 0
52648 1 0 1 1 1
71630 1 0 1 1 1
78163 1 1 0 1 1
71568 0 1 1 1 1
70290 1 1 1 1 1
62694 1 0 1 1 1
70934 1 0 0 1 1
62053 0 1 1 1 1
81859 1 0 1 1 1
79855 1 1 0 1 1
61989 1 1 1 1 1
61685 1 1 0 1 1
75231 0 1 1 0 1
70311 1 1 1 1 1
70776 0 1 1 1 1
66308 1 1 1 1 1
71633 1 1 1 1 1
