74882 0 1 0 0 0
79848 1 1 1 1 0
75208 0 1 0 0 1
72410 0 0 1 1 1
73318 1 1 1 1 1
70298 1 1 0 1 1
61631 0 1 1 1 1
74759 1 1 1 0 1
62328 0 0 0 0 0
79813 1 1 0 1 1
62719 1 1 1 1 0
71580 1 1 0 1 1
79842 1 1 0 1 0
62095 1 1 0 1 1
70282 1 1 0 1 1
52593 1 1 0 1 1
70771 1 1 1 1 0
61608 0 1 1 1 1
79841 1 1 0 1 0
52687 1 1 0 1 1
70766 1 1 1 1 0
61687 1 1 1 1 1
71623 1 1 1 0 1
79854 1 1 1 1 1
54558 0 0 0 1 0
54336 0 0 0 1 0
54538 1 1 0 0 1
62023 1 0 0 1 0
61880 1 1 1 1 1
73503 0 0 0 0 0
81425 0 1 1 1 1
74387 1 1 0 1 1
73350 1 1 0 1 1
65038 1 1 1 0 1
54662 0 0 0 0 0
64865 0 0 0 0 0
62052 1 1 0 1 1
61973 1 1 1 1 1
74881 1 1 1 1 1
62732 0 1 1 1 1
79835 1 1 1 0 1
74747 1 1 1 0 1
75285 0 0 1 0 0
62718 1 1 1 0 0
70283 1 1 1 1 1
62060 1 0 0 1 1
81379 0 1 0 0 1
62721 1 1 1 1 0
54331 0 0 1 0 0
73332 1 1 1 1 1
70249 0 0 1 1 0
52778 0 0 0 0 1
62722 1 0 1 0 1
70926 1 0 0 0 0
61974 0 0 0 1 1
71622 1 1 1 1 1
73832 0 1 0 1 1
52610 0 0 1 0 0
81924 1 1 0 1 1
81473 0 1 0 1 1
74408 0 1 0 1 1
70254 1 1 0 1 1
62729 1 1 1 1 1
62014 1 0 1 1 1
62275 0 1 1 0 0
66298 0 1 1 1 1
79821 1 0 1 1 1
62074 0 0 1 1 0
81360 1 1 0 0 1
70248 0 0 1 1 1
66311 0 1 1 1 1
54555 0 0 0 0 0
70297 0 1 1 1 0
62289 1 1 1 1 1
82755 0 1 0 0 1
79968 1 1 1 1 1
70930 1 1 1 1 0
71586 1 1 1 1 0
55196 1 1 1 1 0
70263 1 1 0 0 1
54651 1 0 0 0 1
54619 0 0 0 0 0
62331 0 0 0 1 0
54562 0 0 0 1 0
62011 1 1 0 0 1
73356 0 1 1 0 0
79965 1 1 1 0 1
73335 1 1 1 1 1
74322 1 0 0 1 1
61972 0 0 0 1 1
70952 1 1 1 1 0
61867 0 0 1 0 1
61985 1 1 0 1 1
62441 1 1 1 1 1
56527 0 0 0 0 0
81418 1 1 1 1 1
73303 1 1 1 1 1
54327 0 0 0 0 0
54030 1 1 1 1 1
70314 1 0 1 0 1
74397 1 1 1 1 1
62109 0 0 0 1 0
82075 0 0 0 1 0
73366 0 0 0 0 1
62511 1 1 0 1 1
75224 1 0 1 0 1
62108 0 0 1 1 0
62055 1 1 1 1 1
61678 1 1 1 1 0
66340 1 1 1 0 1
54612 0 0 0 0 0
70268 0 0 0 1 1
74309 1 1 1 1 1
70834 1 1 1 1 1
56330 0 0 1 0 0
54293 0 0 0 0 0
62005 0 1 1 0 1
61882 1 1 1 0 0
66301 0 1 1 0 1
81472 1 1 1 0 1
62050 1 0 1 1 1
71009 1 1 1 0 0
62285 1 1 1 1 1
81355 1 1 0 1 1
66312 1 1 1 1 1
62327 0 1 1 1 1
52588 1 1 1 1 1
62099 0 1 0 0 0
74552 1 1 0 1 1
62283 1 0 1 0 0
74737 1 1 1 1 1
75753 0 1 0 1 1
61975 1 0 1 0 1
75229 1 1 1 1 0
73599 1 1 1 1 1
62017 1 0 1 1 1
53802 1 1 1 1 1
81378 1 1 0 1 1
70808 0 0 0 1 0
73307 1 1 1 1 1
75253 0 0 1 1 0
52659 1 1 1 1 1
71576 1 1 0 0 1
52604 1 0 0 1 1
71061 1 1 1 1 1
66341 1 1 1 1 1
54613 0 0 0 0 0
73311 1 1 1 1 0
79849 1 1 1 1 1
70924 0 0 0 1 0
73703 1 1 1 0 1
62720 0 0 0 0 0
73308 1 1 1 1 1
81424 1 1 1 1 0
73367 0 1 0 1 1
66300 0 1 1 1 1
61857 1 1 0 1 1
61980 1 0 1 1 1
70318 0 1 1 1 1
62072 1 1 0 0 1
62024 1 0 1 1 1
73357 0 0 0 0 1
79816 0 1 1 1 0
62286 0 0 0 1 0
74883 1 0 0 0 1
54611 1 0 0 0 0
81385 1 1 1 1 0
52587 1 0 0 1 0
62006 1 1 1 0 0
74942 0 1 0 1 0
52609 1 1 0 1 1
52589 0 1 0 1 1
52592 0 1 0 0 0
61976 1 1 0 1 1
75542 0 0 1 1 1
76593 0 0 0 0 0
61869 0 0 0 1 0
81372 1 0 1 1 0
79826 1 0 1 1 0
74344 1 1 1 1 1
70252 1 1 1 1 1
74725 0 0 1 0 0
81471 1 1 1 0 1
71626 1 1 0 0 1
62692 1 0 0 1 1
73822 0 1 1 1 1
72059 1 1 1 1 1
74794 1 1 1 1 1
70769 1 1 1 1 1
62274 1 1 1 0 0
70279 1 1 1 1 1
73600 1 1 1 1 1
73601 0 0 1 1 1
79981 0 1 1 1 0
71023 1 1 1 1 1
71638 1 1 0 1 1
74282 1 1 1 1 1
64625 0 0 1 1 0
74766 1 0 1 0 1
79850 1 1 1 1 1
70929 0 1 0 1 1
79847 1 1 1 1 1
62731 1 1 0 1 0
52605 1 1 1 1 1
70933 0 1 1 0 1
81885 1 1 1 1 1
61999 1 1 1 1 1
61554 0 0 0 0 0
62061 0 0 0 0 0
70269 1 1 0 0 0
69872 0 1 0 1 1
62273 1 1 1 1 1
62062 1 1 1 1 1
71584 0 0 1 0 0
61977 0 0 1 1 1
62680 0 1 0 1 0
72052 0 1 1 0 0
62717 0 0 1 0 0
79837 1 1 1 1 1
62710 1 0 1 1 1
73327 1 0 0 1 0
62008 0 0 1 1 1
62019 1 1 1 1 1
81427 0 0 1 1 0
55627 1 0 0 0 0
54650 1 0 0 1 0
61907 0 0 0 0 0
61986 1 0 1 0 1
74321 1 1 1 1 1
73701 1 1 1 1 1
54648 1 0 0 1 0
79827 1 1 1 1 0
62683 0 1 1 1 1
61683 1 1 1 1 1
73682 1 0 1 1 0
62015 0 0 0 1 1
66306 1 1 1 0 0
61614 1 0 0 1 0
62013 0 1 1 1 0
59266 1 0 1 0 0
71016 1 1 1 0 0
62711 1 0 1 1 1
62690 1 1 0 1 1
79964 1 1 1 1 1
62028 1 1 0 1 1
61998 1 1 0 1 1
74308 0 0 0 1 0
52598 1 1 1 1 1
66302 1 1 0 1 1
54335 0 1 0 0 0
62071 1 1 1 0 0
79851 1 1 1 1 1
73325 1 1 1 0 1
52591 1 1 1 1 1
52606 1 0 1 1 1
72063 1 1 1 0 1
81370 1 0 0 0 0
70928 1 1 0 1 0
74318 0 1 1 1 1
73359 1 1 0 1 1
66343 1 1 0 0 1
74290 1 1 1 1 1
74749 1 1 1 1 0
55856 1 1 1 0 0
61681 1 1 1 1 1
54535 0 1 0 1 1
56496 0 0 0 0 0
61978 0 0 0 1 0
75754 1 0 0 1 1
73304 0 1 1 1 1
71589 1 1 1 1 1
66350 1 1 0 1 0
61987 0 0 0 1 0
75239 1 1 1 0 1
79984 1 1 1 1 1
62025 1 0 0 0 0
81426 1 0 1 1 0
62051 1 0 0 1 1
75252 1 0 0 0 1
53950 1 1 1 1 1
61629 0 1 1 1 1
73299 1 1 1 1 1
61688 1 1 1 1 1
81994 1 0 0 1 0
79970 1 1 0 1 1
54623 0 0 0 0 0
74875 1 1 1 1 1
54653 1 0 0 0 0
62684 0 1 0 0 0
69316 0 1 1 1 1
62059 1 0 0 1 0
52608 0 1 0 1 1
70259 0 0 0 1 1
52647 0 1 1 1 0
71581 1 1 1 1 1
74802 0 0 0 0 1
74715 1 1 1 1 1
71639 1 1 1 1 0
66305 1 0 1 1 1
54654 0 0 0 0 0
54541 0 0 0 0 1
62709 1 1 0 0 1
81364 0 0 1 0 1
70999 0 0 1 0 0
69762 1 1 0 1 1
62026 1 1 1 1 1
61878 1 1 1 0 0
73363 0 0 1 0 0
70262 1 1 0 0 1
71578 1 1 0 1 0
69314 1 1 1 1 1
70927 0 1 1 1 1
79811 1 1 1 1 1
79852 1 0 1 1 1
62054 1 0 1 1 1
74789 1 1 0 1 1
72053 0 1 1 1 1
62713 1 1 1 1 0
62001 1 1 0 1 1
79812 1 1 1 1 1
73352 1 1 1 1 0
61993 1 1 0 1 1
54976 0 0 0 0 0
52595 0 1 1 1 1
81376 0 1 1 1 0
61861 0 1 1 0 1
62707 0 0 1 1 0
70649 0 0 0 0 1
74805 1 0 0 0 0
73330 1 1 1 1 1
54333 0 0 0 1 0
73324 1 0 1 1 1
73333 1 1 1 1 0
74608 1 0 1 0 1
70251 1 0 1 0 0
79972 1 1 1 1 1
73349 1 1 1 1 1
84445 1 1 1 1 0
62027 1 1 1 1 1
62069 1 1 0 1 1
74320 1 1 0 1 1
70284 1 1 0 1 1
70324 1 1 1 1 0
62342 0 1 1 1 0
79853 1 1 1 1 1
56456 0 0 0 0 0
70290 1 1 1 1 1
62694 1 1 1 1 1
71582 1 1 0 1 1
73702 0 1 0 1 1
75231 0 1 0 1 0
66308 1 1 1 1 1
