52358 1 0 1 0 1
85155 1 1 1 1 0
65037 0 1 1 1 1
62451 0 1 0 1 0
70517 0 0 1 0 0
62715 0 0 0 0 0
70507 1 1 1 1 0
85177 0 1 0 1 1
26787 1 1 1 1 1
52371 0 1 1 1 1
70273 0 0 0 0 0
52359 0 1 1 1 1
85183 0 0 0 0 0
53787 1 0 0 1 1
66310 1 0 0 0 0
55131 0 0 0 0 0
53756 1 0 0 1 1
53205 0 1 1 0 1
62095 1 1 1 0 1
53187 0 0 0 0 0
70282 0 0 0 0 0
52367 1 1 1 1 0
73488 0 1 0 1 0
61687 1 1 0 0 1
55112 0 0 0 0 0
53293 1 1 1 1 0
53247 0 1 1 1 1
53196 1 0 1 1 1
54440 1 1 0 0 0
59999 1 1 1 1 0
62023 0 0 0 0 0
85153 0 0 0 0 1
53961 0 1 0 1 0
53249 0 0 0 0 0
53794 0 1 0 0 0
54018 0 1 0 0 0
73350 1 1 1 1 0
55132 1 1 1 1 1
53199 0 0 1 1 1
53276 1 0 0 0 1
62052 1 1 0 1 1
53161 1 0 0 0 1
71167 0 0 0 0 0
70573 0 0 0 0 0
62732 0 0 1 0 0
52360 1 1 1 1 1
53795 1 1 1 1 0
73358 0 1 0 1 0
53210 0 0 0 1 1
85184 1 0 0 1 1
53799 1 1 1 1 0
85178 1 0 1 0 0
70454 0 0 0 1 0
52357 0 1 1 1 1
85157 0 1 0 0 0
73347 1 1 0 1 1
70317 0 1 1 1 1
70249 1 0 1 1 0
70503 1 0 1 0 0
52374 0 0 0 1 1
62010 0 0 1 0 0
53086 1 0 0 1 0
70254 0 0 0 0 0
62729 1 0 0 1 1
61879 0 0 1 0 0
53403 0 0 0 0 0
64510 0 1 0 0 0
66298 1 1 0 1 0
67037 1 1 1 0 0
53800 0 0 1 1 1
53248 1 0 1 1 1
70248 1 1 1 1 1
66311 1 1 1 1 0
70297 0 1 1 1 1
52368 0 1 1 0 1
70350 1 0 0 1 1
53798 0 0 0 1 1
70462 0 0 0 0 0
70263 1 1 1 1 1
62011 0 0 1 0 0
73356 0 0 0 1 0
73335 1 1 1 1 1
74322 1 0 0 0 0
52353 1 1 1 1 0
61972 0 0 1 0 0
67019 1 0 0 1 1
61867 0 1 0 0 1
74971 0 0 0 0 1
55176 1 1 1 0 0
53195 0 0 0 0 0
53280 0 0 1 0 1
53291 0 1 1 1 1
52364 1 1 1 1 1
53788 0 0 1 1 0
73303 1 0 1 0 0
70369 0 0 0 0 0
70314 1 0 1 1 0
52733 0 0 0 0 0
53605 1 0 0 0 0
62511 1 1 0 0 0
53792 0 0 1 0 0
70287 0 0 0 0 0
62005 1 0 0 0 1
53253 1 1 0 1 0
53227 0 1 1 1 0
66301 1 0 1 1 1
70351 1 0 0 1 1
72745 0 0 0 1 1
66299 1 0 0 1 1
70508 0 0 0 0 0
53194 1 0 1 1 1
70319 1 0 1 0 1
70500 1 1 1 1 0
61975 1 0 0 0 1
52285 1 0 1 0 1
73322 1 1 1 1 0
74017 1 0 0 0 1
62017 1 0 1 1 1
53786 0 1 1 1 1
53802 1 0 1 1 1
73307 1 1 1 1 1
73256 1 0 1 0 1
53268 1 1 1 1 0
53300 1 1 1 0 1
53290 1 1 1 1 0
55089 1 1 1 1 1
52366 1 1 1 1 1
73344 0 1 1 1 0
52365 0 1 0 0 1
53905 1 0 0 1 1
70463 0 0 1 0 1
85182 0 0 1 0 1
52399 1 0 1 0 1
73262 0 0 0 1 0
70469 0 1 0 1 0
72372 0 0 0 0 1
70509 0 0 0 0 0
73367 1 1 1 1 1
53236 1 1 1 1 1
53240 0 0 0 1 0
66300 1 1 1 1 1
55265 1 0 0 1 0
70355 0 0 0 0 0
62730 0 0 0 0 1
61980 0 0 0 1 1
70318 1 1 0 1 1
85179 1 1 1 1 1
53254 0 1 1 1 0
73468 1 1 1 1 0
53292 1 1 1 1 0
74345 1 0 0 0 0
62277 1 1 1 1 0
73233 0 0 0 0 1
62066 0 0 0 1 1
70466 0 1 1 1 0
62006 1 0 1 0 1
53962 0 0 0 0 1
53215 0 0 0 1 0
61976 1 1 1 1 0
53285 1 0 0 0 1
61869 0 0 1 1 1
70577 0 0 0 1 0
71850 0 0 0 0 0
70252 0 1 1 1 0
53793 0 0 0 0 0
72330 1 1 1 0 1
62692 1 0 0 0 0
70279 0 0 1 1 1
73236 0 0 0 0 0
70605 1 1 1 1 1
70502 0 0 1 0 1
74363 1 0 0 1 0
85181 0 0 1 1 0
55119 0 0 0 1 0
73369 0 1 0 1 0
70337 1 1 0 1 1
73368 1 0 0 1 0
62731 0 1 1 1 0
53251 0 1 1 1 1
61999 1 1 1 1 1
53245 0 0 1 0 0
52363 1 1 1 1 1
70431 1 0 0 0 0
85158 0 1 1 0 0
62717 0 0 0 1 0
53182 0 0 0 0 0
53749 1 0 1 0 1
53305 1 0 0 0 1
73327 0 0 1 0 0
62008 1 0 1 0 0
70338 1 0 1 1 1
62019 0 1 0 0 1
52354 0 1 1 1 1
61907 1 1 0 0 1
74321 0 1 0 0 1
62683 0 1 1 1 1
61683 1 1 1 1 1
62013 0 0 0 0 0
70360 1 0 0 0 0
53312 1 0 0 1 0
53180 0 0 1 1 0
61589 1 0 0 0 0
62711 0 0 1 0 0
62690 1 1 0 0 1
55134 1 1 1 1 1
53108 1 0 0 1 0
62028 1 1 1 1 1
56577 1 1 1 1 1
70604 0 0 1 1 0
70599 0 0 0 0 1
85180 0 1 0 0 0
66302 1 1 1 1 0
85154 0 0 1 1 0
72789 0 0 1 1 1
73320 0 1 0 0 1
73325 1 0 1 1 0
72518 0 0 0 0 0
70336 1 1 1 0 0
73359 1 1 1 1 1
53252 1 0 0 1 1
53217 1 1 0 0 1
70580 0 0 0 0 0
61681 1 1 1 1 1
61984 0 0 0 0 0
70432 1 0 1 1 1
53165 1 0 0 0 0
62686 1 1 0 1 1
73304 1 1 0 0 1
71112 0 0 1 0 0
56553 1 0 0 0 0
53791 1 1 1 1 1
62025 0 0 0 1 0
72552 0 0 0 0 0
53250 1 1 0 1 1
53314 1 0 0 0 0
62051 0 0 1 0 1
53181 1 1 1 0 0
85156 0 1 0 0 1
72371 0 0 0 0 0
70515 1 1 0 1 1
73299 1 1 1 1 0
62693 0 0 0 1 0
53796 0 1 1 0 1
72668 1 1 0 1 1
53190 1 1 1 0 1
62684 0 0 0 0 1
53264 0 1 1 0 0
62059 1 1 0 0 0
53172 0 1 0 0 0
53968 0 0 0 0 1
74328 0 0 0 1 1
61862 0 0 0 1 0
53295 0 1 1 1 0
53307 1 0 1 1 1
62709 0 0 1 0 0
53959 0 0 0 0 0
52616 0 0 0 0 0
53972 0 1 0 1 0
70575 0 0 0 0 0
66342 0 0 0 0 0
53302 1 0 1 1 0
52356 1 1 1 1 1
70262 1 1 0 1 0
53282 1 0 0 1 0
70465 0 0 0 0 0
52506 1 0 0 0 1
52369 1 1 0 1 0
62713 0 0 1 0 0
70516 1 0 0 0 0
53102 0 0 0 0 0
53231 0 0 1 1 1
53784 0 0 1 1 0
53259 0 0 0 0 1
62707 0 0 0 1 0
53186 1 0 0 0 1
73330 1 1 0 1 1
52352 1 1 1 1 1
73324 1 1 1 1 1
73333 1 1 1 1 1
70501 1 1 1 1 1
70251 1 1 1 1 1
74326 1 1 0 1 1
53117 0 0 0 0 1
66314 1 1 1 0 0
70601 0 0 0 1 0
73349 0 1 1 1 1
53269 0 1 1 1 1
53189 1 1 1 1 1
53986 0 0 1 1 1
73331 1 1 1 1 1
70324 1 1 0 0 1
66304 0 0 1 1 1
70299 0 1 1 1 1
63851 0 1 1 0 0
53209 1 0 1 0 1
52633 1 0 0 0 0
53288 0 0 0 0 1
53983 1 0 1 0 0
53996 1 0 0 0 0
53310 1 1 0 1 0
62694 1 1 1 1 1
53168 0 0 0 1 1
85159 0 0 1 0 0
70266 0 0 1 1 1
66308 1 1 0 1 1
70257 1 1 1 1 1
