61983 1 1 1 1 1
52644 1 1 1 1 0
76726 0 0 0 0 0
62715 0 0 0 0 0
73340 1 1 1 1 0
74817 1 1 0 1 1
72410 0 1 0 1 1
55854 0 0 1 1 0
73318 1 1 1 1 1
74759 1 1 1 1 1
62328 0 1 0 0 0
62049 1 1 0 0 1
74292 0 0 0 1 1
62719 1 0 0 0 1
54531 1 1 1 1 1
66310 0 1 0 0 0
55131 0 1 0 0 1
52042 1 1 0 1 1
72297 0 0 1 1 0
62018 0 1 0 0 0
66320 0 1 0 0 0
52033 0 1 0 0 1
62095 1 0 0 1 1
76585 1 1 1 1 1
70282 1 1 1 1 0
71027 0 0 0 0 0
52638 0 0 0 0 0
74314 0 0 1 1 1
72121 0 1 1 0 1
70260 0 1 0 1 1
74293 1 1 1 1 1
73488 0 1 1 1 0
75751 0 0 1 1 1
72117 0 1 1 1 0
71735 0 0 0 0 0
75254 1 1 0 1 1
66352 1 1 1 1 0
71623 0 1 1 0 1
54639 1 1 1 1 1
73305 1 1 0 0 0
62023 0 1 0 0 0
74798 1 1 1 0 1
74065 0 0 0 0 0
76601 0 0 0 0 0
70253 0 0 0 0 1
52672 0 1 0 1 1
74752 1 0 0 1 1
69878 0 1 1 1 1
62689 0 1 1 1 1
74258 0 1 1 0 0
76654 0 0 0 0 0
73350 0 1 0 0 1
65038 0 1 1 1 1
64865 0 0 0 0 1
74701 1 1 1 1 1
73467 1 0 1 1 1
62052 0 0 1 1 0
61973 1 1 1 1 1
74881 1 1 0 1 1
62732 1 1 0 1 1
76639 1 1 1 1 1
73358 0 1 1 1 1
52641 1 1 1 1 1
75242 0 1 1 1 1
75285 0 0 0 1 0
62718 1 1 1 0 1
61981 1 1 1 0 1
52667 1 1 0 0 0
62340 1 1 0 0 0
54343 0 1 1 0 1
62060 0 1 0 0 0
62721 1 1 0 0 0
55185 1 1 0 1 1
70317 1 1 1 1 0
70272 1 0 0 0 0
62722 0 1 1 1 1
76610 1 1 1 1 1
71783 0 0 0 0 0
71557 1 1 1 1 1
73832 1 0 1 1 1
52649 0 1 0 0 1
62010 0 0 1 1 1
62729 1 1 0 1 1
61879 0 0 0 0 0
62014 1 1 1 1 1
74716 0 1 1 1 1
62275 0 0 0 0 0
62074 0 0 0 0 0
67037 1 1 1 1 1
66311 1 1 1 1 1
69313 0 1 0 1 1
71908 0 1 1 1 1
70297 0 1 1 0 1
62289 0 0 0 1 1
74796 0 1 0 0 0
70300 0 1 0 1 1
55429 0 0 0 0 0
71586 0 1 1 0 0
71949 0 1 0 0 0
75210 0 1 1 1 1
55196 1 1 0 1 1
76645 1 1 1 0 1
76595 1 1 1 1 1
75246 1 1 1 1 1
72115 0 1 0 0 1
70263 0 1 1 1 1
62331 0 0 0 0 0
62011 0 1 0 0 1
73356 1 1 0 0 1
73335 1 1 1 1 1
54527 1 0 1 1 1
61972 0 1 0 0 1
67019 0 0 0 0 1
61867 0 1 0 1 0
76647 0 0 0 0 1
71624 0 1 1 0 1
61985 0 0 1 1 0
62441 1 1 1 1 1
52658 0 1 1 0 0
72830 1 1 1 1 1
73303 1 1 1 1 1
54030 1 1 1 1 0
70314 0 1 0 1 0
52040 1 1 1 1 1
64613 0 1 0 0 0
74397 1 1 1 1 1
72833 0 0 0 0 0
62055 1 1 0 1 1
61678 1 1 1 1 1
66340 1 1 1 1 1
71641 0 0 1 1 0
74309 0 0 1 1 1
62272 1 0 0 1 0
62005 0 1 1 0 0
62064 1 1 1 1 1
61882 0 1 0 1 1
62733 1 1 1 1 1
62285 1 1 1 0 1
66312 1 0 1 1 1
74784 1 1 1 0 1
62327 1 0 0 0 0
62688 0 0 0 0 1
74615 1 1 1 1 1
74552 1 0 1 1 1
54640 1 1 1 1 1
70319 0 1 0 1 1
59983 0 0 0 0 0
62283 0 0 0 0 0
75753 1 0 1 1 1
61975 1 1 1 0 0
74545 1 0 1 1 1
76705 0 1 1 1 0
73322 1 1 1 1 1
73599 1 0 0 1 1
62017 0 1 1 0 0
60004 0 0 0 0 0
73307 1 1 0 1 1
75253 1 1 1 0 1
74713 1 0 0 1 1
52659 1 1 1 1 0
73344 1 1 1 1 0
71587 0 0 0 0 0
71061 1 1 1 0 1
70315 0 0 0 1 0
72293 0 1 0 0 0
73311 0 1 1 1 0
62465 0 0 0 0 0
71781 0 0 1 0 1
67040 1 0 0 1 0
52625 0 1 0 0 0
73703 1 1 1 1 1
73308 0 1 1 1 1
62443 1 0 0 1 1
74785 1 1 1 1 0
57803 1 1 0 1 0
76644 0 0 0 1 1
61857 1 1 1 0 1
74534 1 1 1 1 1
53555 1 1 0 1 1
52651 1 1 0 0 1
62730 0 1 0 0 1
61980 1 1 1 0 1
70318 0 1 0 1 1
62072 1 1 0 0 1
81327 0 0 0 0 0
62024 0 0 1 1 1
73357 1 1 0 1 1
76587 1 1 0 1 1
74509 0 1 1 1 0
62058 0 0 0 0 0
73468 1 1 1 1 1
62286 0 0 0 0 0
75245 1 0 0 1 1
53585 1 1 1 1 0
74614 0 0 1 1 1
61627 1 1 1 0 0
76603 1 1 1 1 0
55151 1 1 0 1 1
74377 0 1 0 1 0
64651 1 0 0 0 0
61976 1 1 1 1 1
75542 1 1 1 0 1
62687 0 1 1 0 0
61995 1 1 0 1 1
76605 1 1 1 1 1
71913 0 0 0 0 0
61869 0 0 0 0 0
71570 0 1 1 1 0
74344 1 1 0 1 1
74725 1 0 0 0 0
62692 0 0 1 0 1
72131 0 0 0 0 1
73591 0 1 1 1 1
73822 0 0 1 0 1
72059 1 1 1 1 1
74794 0 1 0 1 1
70286 1 1 1 0 1
72258 1 0 0 0 0
70279 1 1 1 1 1
73600 0 1 1 1 1
73601 1 0 1 0 0
71010 0 0 1 1 1
61777 1 1 1 1 1
74489 1 1 1 1 1
71638 0 0 0 1 0
74282 1 1 1 1 1
74766 0 1 1 0 1
64737 1 1 1 1 1
62329 0 1 1 0 0
73369 1 1 0 1 1
62731 0 0 1 1 1
73321 1 0 1 1 1
70264 0 0 0 0 0
61999 1 1 1 0 1
52652 0 0 1 1 0
62061 0 0 0 0 0
62007 0 1 1 1 1
64647 0 0 0 0 0
62273 1 1 1 0 0
71584 0 1 0 0 0
61977 0 1 1 0 0
62680 0 1 1 1 0
74740 1 0 1 1 1
72052 1 1 0 0 1
62717 0 1 0 0 0
74950 1 1 0 1 1
62224 0 0 0 0 0
62710 1 1 1 1 1
76586 0 0 0 0 0
71575 1 0 0 0 0
73823 0 0 0 0 1
62008 1 1 1 1 1
62019 1 0 1 1 1
74792 1 1 0 1 1
62402 1 1 1 0 1
61907 0 1 1 0 1
61986 1 0 1 1 1
71984 1 1 0 1 0
74321 1 1 1 0 1
73701 0 1 1 1 1
62683 0 1 0 0 1
74755 0 0 0 1 0
61683 1 1 1 1 1
73682 0 0 0 1 1
62015 1 1 1 0 0
75212 1 0 1 0 0
66306 1 1 1 1 1
74317 1 1 1 1 0
70780 0 1 1 1 1
62013 0 0 0 0 0
62009 1 0 0 1 1
53746 1 0 0 0 0
62711 1 1 1 0 1
62028 1 1 1 1 0
61998 0 1 0 1 0
73319 0 0 1 1 1
67017 0 0 0 0 0
74308 0 0 0 0 0
61874 0 1 1 0 1
74535 1 0 0 0 0
74793 0 1 0 1 1
62344 1 1 0 1 1
66302 1 1 1 1 1
52623 0 0 0 0 0
62071 0 1 1 0 1
73320 0 1 0 0 1
73325 1 1 1 1 0
71629 0 1 0 0 1
73493 1 1 0 1 1
61677 1 1 0 0 1
70250 1 1 1 1 1
62716 0 1 1 1 0
74318 1 0 0 1 1
73359 1 1 0 0 1
73454 0 0 0 0 0
66343 1 1 0 0 1
76649 0 0 0 0 0
55856 1 1 1 1 1
74325 0 0 1 1 1
53317 1 1 1 1 1
61984 0 0 0 0 0
74543 0 1 1 1 1
76650 1 1 1 1 1
71427 1 0 1 1 1
61978 1 1 0 1 1
52646 1 1 0 1 1
75754 0 1 1 0 1
62686 1 1 0 1 1
74783 0 1 1 0 1
76641 1 1 1 1 1
72098 1 0 0 0 0
52645 0 0 0 0 1
66350 1 1 0 0 1
75932 1 1 0 1 1
61987 1 1 0 1 0
71779 0 0 0 0 0
52642 1 1 0 1 1
62712 0 0 0 0 0
52663 0 1 1 1 1
75260 1 1 1 1 1
75241 0 1 1 1 1
62025 0 1 0 0 0
62051 1 0 1 1 0
52655 0 0 1 0 1
61629 1 0 1 1 1
73299 1 1 1 1 1
62708 0 0 0 0 0
64508 1 1 0 1 1
61988 1 1 1 1 1
61688 1 1 1 1 0
72409 1 1 1 1 0
74736 0 0 1 0 0
76590 0 1 1 1 0
74875 1 1 0 0 1
74542 1 0 0 1 0
62684 1 1 0 0 1
69316 1 0 0 0 0
62059 1 0 0 0 0
76640 1 1 1 1 1
52647 0 0 1 0 0
74802 0 0 0 0 0
74715 1 1 1 1 1
71639 1 1 1 0 1
62734 1 1 1 0 1
52620 0 1 0 0 1
62709 1 1 1 1 1
72616 0 0 0 0 0
70325 0 1 1 1 0
52616 1 0 0 0 0
69762 0 1 0 0 0
74780 0 0 0 0 0
61878 0 0 0 0 1
73363 0 1 0 1 0
70262 0 1 0 0 0
53550 1 1 0 1 1
74741 0 1 0 1 1
62341 1 1 0 1 1
66309 0 1 0 1 1
69314 0 1 1 1 1
72053 0 0 0 0 1
71592 0 1 0 0 1
70909 0 1 0 0 0
62713 1 1 0 1 1
52640 1 1 0 1 1
54904 1 1 1 1 1
61979 1 1 1 1 0
75248 1 1 1 1 1
61993 1 1 1 1 1
66345 0 0 1 0 1
71413 0 1 0 0 1
75217 1 0 1 1 1
61861 0 1 0 1 1
52679 0 0 0 1 0
62707 1 0 0 0 0
74537 0 1 1 1 0
62469 1 1 0 1 0
73330 1 1 1 1 0
76030 0 0 0 1 1
73324 1 1 1 1 1
76604 0 0 0 0 0
70251 1 0 1 0 1
74326 1 0 1 0 1
66314 1 1 1 1 1
74611 1 1 0 1 1
73349 1 1 0 1 1
61603 0 1 0 0 1
62714 0 1 0 1 1
62027 1 1 1 1 1
55188 1 0 1 0 0
53654 0 0 0 0 0
73331 1 0 0 1 1
74320 0 0 1 1 1
70284 1 1 1 1 1
72068 0 0 1 1 1
62735 1 1 1 1 0
52664 1 1 0 1 0
71902 1 1 0 1 1
70324 1 1 1 0 1
74774 0 0 1 0 1
71583 0 1 1 0 1
62016 1 1 1 1 1
76652 1 1 1 0 1
52633 0 0 0 0 1
52648 1 1 1 1 0
57908 1 1 1 1 0
69879 1 0 0 0 1
70290 1 0 1 1 0
55772 1 1 0 1 0
62053 1 0 0 1 1
74510 1 0 1 0 1
76701 1 0 0 1 0
71582 1 1 0 1 1
61989 1 1 1 1 0
71951 1 1 0 1 0
74788 1 1 1 1 1
70266 0 1 1 1 0
61685 1 1 1 1 1
70311 1 1 0 1 1
66308 1 0 1 1 1
71633 1 1 1 1 1
