70485 1 1 1 1 1
70451 1 1 1 1 1
65037 1 0 1 1 1
55283 0 1 1 0 0
55226 0 1 1 0 0
64535 0 1 1 0 1
62451 0 1 1 0 0
55782 0 0 0 0 1
71774 1 1 1 1 1
74021 1 1 1 1 0
62470 1 1 1 1 1
53118 0 0 1 0 0
72410 1 1 1 1 1
72906 0 0 0 0 0
62328 0 1 0 0 0
70907 1 1 1 1 1
71416 1 1 1 1 1
55131 0 1 1 1 1
65638 0 1 1 1 1
72297 0 1 1 0 1
62466 1 1 1 1 1
81904 1 1 1 1 1
76816 1 1 1 1 1
70446 0 1 1 1 1
65572 0 1 1 0 1
53228 0 0 1 1 0
71027 0 0 0 0 0
70947 0 0 0 1 1
53230 1 1 1 1 1
70904 0 1 0 1 1
72538 1 1 1 1 0
69771 1 1 1 1 1
71735 0 0 0 0 1
72055 0 0 0 0 0
73983 0 0 1 0 0
72093 1 1 0 1 0
71461 1 0 1 1 1
53113 1 1 1 1 1
72060 0 0 0 0 0
70958 1 1 1 1 1
70479 1 1 1 1 1
74065 0 0 0 0 0
70443 1 1 1 0 1
71766 1 1 1 1 1
69878 0 1 1 1 1
74658 0 0 0 0 1
75635 0 1 0 0 0
65032 1 1 1 1 1
82096 1 1 1 0 1
65038 1 1 1 1 1
55132 1 1 1 1 0
64865 0 0 0 1 1
53199 0 1 1 1 1
54356 0 0 0 0 0
70442 1 1 1 1 1
71746 1 1 1 0 1
76728 0 0 0 0 0
54511 0 1 0 0 1
70447 1 1 1 1 1
70951 0 0 1 0 1
62340 1 1 1 1 1
72298 1 1 1 1 1
70476 1 1 1 1 1
72537 1 1 1 1 1
70980 0 0 0 0 0
82089 1 0 0 1 1
70414 1 1 1 1 1
71783 1 0 1 1 1
81897 1 1 1 1 1
70908 1 1 1 1 1
73832 1 1 1 1 0
53086 1 0 1 0 1
70811 0 0 0 0 0
56711 1 1 1 0 0
70448 0 0 1 1 1
62275 1 0 0 0 1
64510 1 1 1 1 1
70482 1 1 1 1 1
53077 0 0 1 1 0
69313 1 1 1 1 1
71908 1 1 1 1 0
70995 0 1 0 0 0
62289 0 0 1 1 1
71765 1 0 1 0 1
71508 0 0 0 0 1
70437 1 1 1 1 1
72555 1 0 1 1 1
72296 1 1 0 1 1
62331 0 0 0 1 0
70406 1 1 1 1 1
74018 0 0 1 1 1
70441 1 1 1 1 0
72536 1 1 1 0 1
53195 0 1 1 1 1
62441 0 0 0 0 0
70489 1 0 1 1 1
71764 1 1 0 1 1
71014 1 0 1 1 1
70421 1 1 1 0 1
71747 0 1 1 0 1
72833 0 0 0 1 1
62511 0 0 0 0 0
75628 1 1 1 1 0
62472 1 1 1 1 0
62272 0 1 1 1 1
53227 1 1 1 1 1
71009 0 1 1 0 0
70428 0 1 1 1 0
62285 1 1 1 0 1
53216 0 0 1 0 0
76811 0 0 1 0 0
53218 0 0 1 1 0
62327 1 1 0 1 1
74508 1 1 1 1 1
55124 1 1 0 1 1
53194 1 1 0 0 0
62330 0 1 0 1 1
62283 0 0 0 0 1
71026 1 1 0 1 0
62326 1 1 1 1 1
70484 1 1 1 1 1
62401 0 0 0 1 1
70475 1 1 1 1 0
71817 1 1 1 0 1
71752 1 0 1 1 1
73599 1 1 1 1 1
71923 1 0 1 1 1
71028 1 0 1 1 1
70808 0 0 0 0 0
71652 0 1 1 1 1
72905 1 1 1 1 1
70427 1 1 1 1 1
71457 1 1 1 1 1
70535 1 0 0 0 1
70440 0 1 1 1 1
71011 0 0 0 0 0
62592 1 1 0 0 0
62465 0 1 1 0 0
81332 0 0 1 1 0
71781 1 1 1 1 0
70412 1 1 1 1 1
73703 1 1 1 1 1
62443 1 1 0 1 0
70422 1 1 1 1 1
65031 1 0 1 0 1
71763 1 1 1 1 1
67247 0 0 0 0 0
75634 1 1 1 0 1
64933 1 1 1 1 1
71453 0 0 0 0 1
53219 1 0 0 1 1
74509 1 1 1 1 1
75819 0 1 1 0 1
62286 1 0 0 1 0
62277 1 0 1 1 1
70409 1 1 1 1 1
71771 0 1 1 1 0
73826 1 1 0 1 1
73977 1 0 1 1 1
73982 0 0 0 0 0
70982 0 0 0 0 0
55356 0 0 0 0 0
62223 1 0 0 0 1
70474 1 1 1 0 1
70983 0 1 1 0 0
76817 0 0 1 0 1
76812 1 0 0 1 1
82234 0 0 0 0 0
82037 1 1 0 1 1
64509 1 1 1 1 1
82049 0 0 0 0 0
71753 1 1 0 1 1
70417 1 1 1 0 0
73822 1 1 1 1 1
72059 1 1 1 1 1
71712 1 0 0 1 1
71769 1 1 1 1 1
62274 0 0 1 0 0
70490 0 1 1 1 1
70719 0 1 0 0 0
73600 1 1 0 1 1
70943 0 1 1 1 1
73601 1 1 1 1 1
71020 1 1 1 1 0
71010 1 1 1 0 0
71023 1 1 1 0 0
53188 1 0 1 1 1
74489 1 1 1 1 1
53121 0 0 0 0 0
72988 1 0 1 0 1
55119 0 0 0 0 0
64737 1 1 1 1 1
62329 1 1 1 1 1
70481 1 1 1 1 1
81945 1 0 1 1 1
62444 0 1 1 1 1
70997 0 0 1 0 1
73817 1 0 1 0 0
54657 0 0 0 0 0
72052 1 1 1 1 1
81893 0 1 1 1 1
53182 1 1 0 0 0
70439 1 1 1 1 1
70990 1 1 1 1 1
62188 0 1 0 0 0
82083 1 0 1 0 1
67246 0 0 0 0 0
62339 1 1 1 1 0
62844 0 0 1 1 0
73823 0 1 1 0 0
53192 1 1 1 1 1
71651 0 1 1 1 1
76892 1 0 1 0 0
73701 0 1 1 1 1
69877 1 1 1 1 1
70410 1 1 1 1 1
82372 0 0 0 0 0
74984 1 0 1 0 1
53222 0 0 1 1 0
70546 0 0 0 0 0
82038 1 1 1 1 1
62225 0 0 0 0 0
74989 0 0 1 0 1
76814 1 0 0 0 0
71762 1 0 0 1 0
70436 1 1 1 1 1
71751 0 1 1 1 1
70488 1 1 1 1 1
70913 0 1 1 1 1
71813 0 0 0 0 0
62344 1 1 1 1 0
82044 0 0 1 1 1
74521 1 1 1 1 1
71015 0 0 0 0 0
81944 0 0 1 0 0
70944 0 0 0 0 1
72063 0 1 1 0 1
74284 1 0 1 1 1
71743 0 1 1 1 1
70423 0 0 0 0 1
71022 1 1 1 1 0
81892 1 1 1 1 1
73979 1 0 1 1 1
74940 0 1 1 0 1
71427 1 1 1 1 1
62284 1 1 1 1 1
72443 0 0 0 0 0
70950 0 0 1 1 1
70486 1 1 1 1 1
73222 0 0 0 1 1
71779 0 0 1 0 0
56553 0 1 1 1 1
82063 1 0 1 1 1
70918 1 1 1 1 1
65033 0 0 1 1 0
70444 1 1 1 0 1
55128 1 0 0 0 0
71006 0 0 0 0 0
59809 1 0 0 0 1
71017 1 1 1 1 0
72300 1 0 1 1 1
70534 0 0 1 1 1
64508 1 1 1 1 1
75169 1 0 1 0 1
71467 1 1 1 1 1
70477 0 1 1 1 1
53127 1 1 1 0 1
73984 1 1 1 1 0
52439 0 0 0 0 0
76813 0 1 0 0 0
53190 1 0 1 1 1
71654 0 1 1 0 1
69316 0 1 1 0 1
71925 1 1 1 1 1
69880 0 1 0 0 0
53084 0 1 1 1 0
70413 1 0 0 0 0
71768 1 1 1 0 1
70483 0 1 1 0 1
70999 1 0 0 0 1
64989 1 0 0 0 0
69762 1 1 1 1 1
71001 0 0 1 0 1
70415 1 1 1 1 1
76700 1 0 1 0 0
62341 1 1 1 0 1
74222 0 1 1 0 1
72541 1 1 1 1 1
72091 0 0 1 0 0
52796 1 1 0 0 1
72903 0 1 1 1 1
53232 1 0 1 1 1
74024 1 1 1 0 1
72053 1 1 0 0 1
70917 1 1 1 1 0
70909 1 0 0 0 0
70416 1 1 0 0 0
70445 1 1 1 1 1
70407 0 1 0 0 0
70788 0 1 1 1 0
55776 0 0 1 0 0
70940 0 1 1 1 0
73821 1 0 1 1 1
71413 0 1 1 0 1
74991 0 0 0 0 1
62119 0 0 0 0 0
76815 0 0 0 1 0
53102 0 1 1 0 0
71927 1 1 1 1 1
53231 0 1 0 0 1
53126 1 1 0 1 0
53186 0 1 1 1 0
62469 1 1 1 1 1
75631 0 0 0 0 1
76030 1 0 1 1 1
62742 1 0 0 0 0
62532 1 1 1 1 0
70425 0 0 1 1 1
70480 1 1 1 1 1
71031 1 0 0 1 1
72068 1 1 1 0 1
71902 1 0 1 1 0
70587 0 1 1 0 0
62342 1 1 1 0 1
70491 1 1 1 1 1
70438 1 1 1 1 1
71767 1 0 1 0 1
55778 0 1 0 0 0
75630 0 1 1 1 1
70948 1 1 0 1 0
74985 1 0 0 0 0
69763 0 1 1 1 1
69879 1 1 1 1 1
71815 0 1 0 1 1
74286 1 1 1 1 1
73702 1 1 1 1 0
72054 1 1 1 1 1
71745 0 1 1 1 1
72061 1 0 1 0 0
