70777 0 1 0 1 1
65037 1 1 1 1 1
55283 0 0 1 1 1
55226 0 1 1 1 1
74021 1 1 0 0 1
62470 1 1 1 1 1
72410 1 1 1 1 1
72906 0 0 0 0 0
75092 1 1 1 1 1
70907 1 0 1 1 0
71024 0 0 0 1 0
71416 0 1 1 1 1
65638 1 1 1 1 1
72297 1 1 1 1 1
81904 0 1 1 1 1
65572 1 0 0 1 1
71285 0 1 0 0 1
55846 0 0 0 0 1
75106 0 1 0 1 0
70818 0 1 0 1 0
71027 0 0 0 0 1
70904 1 1 0 1 1
71735 1 1 1 1 1
74442 0 0 0 0 0
72055 0 0 0 1 1
73983 0 0 0 1 0
72093 0 0 1 1 1
75813 1 1 1 1 1
71461 1 0 1 1 0
72060 0 1 0 0 0
76723 0 0 0 1 1
70826 1 0 1 1 1
74065 0 0 0 0 0
74658 1 0 0 0 0
75635 0 0 0 1 1
65032 1 1 1 1 0
70954 1 1 0 0 0
82096 0 1 1 1 1
70778 1 0 0 1 1
64865 1 1 1 1 1
54356 0 0 1 0 0
71746 1 1 1 1 1
73816 0 1 1 1 0
76728 0 0 0 0 0
75821 1 0 1 1 0
71424 1 1 1 1 1
74993 1 0 0 1 0
62340 1 1 1 1 0
72298 1 1 1 1 1
72444 0 0 0 0 0
71007 0 1 1 1 1
72537 1 1 1 1 1
70980 0 1 0 1 0
71783 1 1 1 1 1
71557 1 1 1 1 1
75629 0 0 1 0 1
81897 0 0 1 1 1
70908 1 1 1 1 1
73832 0 1 1 1 1
58723 0 1 1 1 1
73406 1 1 0 1 0
70811 1 1 0 0 1
62275 1 1 1 0 0
53225 0 0 0 0 0
82088 1 1 1 1 0
69313 0 1 1 1 1
74681 0 0 0 1 0
71908 1 1 1 1 1
70995 0 0 0 0 1
70537 1 1 0 1 0
71765 1 1 1 0 1
71508 0 1 0 1 0
71456 1 1 1 1 0
75820 1 1 0 1 1
70807 1 1 0 1 0
62331 0 1 1 1 0
71005 0 1 1 1 1
75094 1 1 0 0 1
74018 1 1 1 1 1
70952 0 1 1 1 1
70938 1 1 0 1 1
72536 1 1 1 1 1
72829 0 0 0 0 0
62441 1 1 1 1 1
65030 1 1 0 1 0
71014 0 1 1 1 1
71747 1 1 1 1 0
70779 1 1 1 0 1
72833 1 0 1 1 1
62511 0 1 1 0 0
74434 0 1 0 0 0
75628 0 1 1 1 1
62472 1 1 1 0 1
62272 1 1 1 1 0
70834 1 0 1 1 1
54412 1 0 0 0 1
70832 0 1 1 1 1
71012 0 1 1 1 1
75058 1 1 1 1 1
71009 0 0 1 0 0
62285 1 1 1 1 1
75633 0 1 0 1 1
71291 1 1 0 1 1
76811 1 1 0 1 1
62327 0 1 1 0 1
62283 1 0 0 1 0
71026 1 1 1 0 1
62326 1 1 1 1 1
71518 1 1 0 1 0
81907 1 0 1 1 1
71817 0 1 1 1 1
73599 0 1 1 1 1
71028 1 0 1 1 1
73495 1 1 1 0 1
70808 0 0 0 0 0
72905 1 1 1 1 1
71457 1 0 1 1 1
70535 0 1 1 0 0
71011 0 1 1 0 1
62465 1 1 0 0 1
81332 0 1 1 0 0
62443 1 1 0 1 1
71763 0 1 1 1 1
75634 0 1 0 1 1
71453 1 1 1 0 1
70552 0 0 0 0 0
71418 1 0 1 1 1
75834 1 1 1 1 1
74509 0 1 1 1 1
62286 0 0 1 0 0
71771 1 0 0 1 1
73826 1 1 1 1 1
70912 0 1 0 0 0
73977 0 0 0 1 1
75831 0 1 0 1 1
73982 0 1 1 0 0
54345 1 0 1 1 0
75063 0 0 0 1 0
70983 0 0 0 1 0
82234 0 1 0 0 0
82037 0 1 1 1 1
64509 1 1 1 1 1
82049 1 1 0 1 0
71753 1 1 1 1 1
70791 0 1 1 0 1
73591 1 1 1 1 1
73612 0 0 1 1 0
70748 1 0 1 1 0
72059 1 1 1 1 0
71769 0 1 0 0 1
62274 1 1 1 0 0
70719 0 0 0 0 1
70943 0 0 1 1 0
71020 1 0 1 1 1
71010 1 1 1 1 1
71023 0 0 0 1 1
74489 1 1 1 1 1
70852 1 1 0 1 0
64737 1 1 1 1 1
69872 1 1 1 1 0
62273 1 1 1 0 1
81945 1 1 1 1 1
62444 1 1 1 1 0
55274 1 1 1 0 1
72052 0 1 1 0 1
81893 1 1 1 0 1
62188 1 1 0 0 0
67246 0 0 0 0 0
62339 1 1 1 1 1
62844 0 1 1 0 0
73043 1 1 1 1 1
73682 1 1 1 1 1
74984 0 1 1 0 1
53222 1 0 1 1 1
70546 0 1 0 1 1
82038 1 1 1 0 1
76814 0 1 0 0 0
81934 1 0 0 1 0
71751 0 0 0 0 1
70913 1 0 1 1 1
71782 1 1 1 1 0
71813 0 0 0 0 0
62344 1 1 1 1 1
82044 0 1 1 1 0
71015 0 0 0 0 0
71550 1 0 0 1 0
71569 1 0 1 1 1
70944 0 1 0 1 1
54349 0 0 0 0 1
62191 1 1 0 0 1
71022 1 1 1 1 0
81892 1 1 1 0 1
70839 1 0 0 1 1
73979 1 1 1 1 1
73995 0 1 1 1 0
71427 1 1 1 1 1
70816 0 0 0 1 0
62284 1 1 1 1 1
72443 0 0 0 0 0
70950 1 1 0 1 1
70829 1 1 1 1 1
73222 0 0 1 0 0
71779 0 0 0 0 1
82063 1 1 1 1 1
70918 1 1 0 1 1
72540 1 0 1 0 1
70828 1 1 1 1 1
71006 0 0 0 1 1
59809 0 0 1 0 1
70775 0 1 1 0 1
72300 1 1 1 0 1
75071 1 1 1 1 1
71018 1 1 1 1 1
64508 1 1 1 1 1
75169 1 1 1 1 1
73984 1 1 1 0 1
52439 1 0 1 0 0
76813 0 1 0 0 0
70910 1 1 0 0 1
69316 1 1 1 1 0
71925 1 1 1 1 1
71554 1 1 1 1 1
74518 0 1 0 1 1
69880 0 0 0 1 1
76845 0 0 1 1 0
71421 1 1 0 0 1
62276 0 0 1 1 1
70999 1 0 0 0 1
64989 0 0 0 0 0
69762 1 1 1 1 1
75825 1 1 1 1 1
74222 0 0 1 1 0
71030 1 1 1 1 0
71481 0 1 1 0 0
74024 1 1 1 1 0
72053 1 1 1 1 1
70917 0 1 0 0 0
70909 0 0 0 1 0
55284 0 0 0 0 1
73420 0 0 0 1 1
73821 1 1 1 1 1
71413 1 1 0 1 1
74991 1 0 0 1 0
62119 0 0 0 0 0
76815 1 1 1 1 1
71572 1 1 0 1 1
70830 1 1 1 0 1
70840 1 1 0 1 1
71019 0 1 0 1 1
75631 1 0 0 1 1
76030 1 0 1 1 1
72062 0 0 0 1 1
75806 1 0 1 1 1
71511 0 0 0 1 0
75072 0 1 1 1 1
71021 0 1 1 1 0
71422 0 1 0 1 0
71430 1 1 0 1 0
75060 1 0 0 1 1
55849 0 1 1 0 0
71031 0 1 1 1 1
71902 1 1 1 1 0
62342 1 1 1 1 1
71571 1 0 1 1 1
71767 0 1 1 0 1
74985 0 1 1 0 0
74286 0 1 0 1 1
73702 1 1 1 1 0
72054 1 1 1 1 1
71745 1 1 1 1 1
70916 0 1 0 0 0
