62407 0 0 0 0 0
64576 0 0 0 0 0
63841 0 0 0 0 0
62369 0 0 0 0 0
64503 0 1 0 0 0
64915 1 0 0 0 0
56825 0 0 0 0 0
63842 0 1 0 0 0
64636 1 0 0 0 0
65005 0 0 0 0 0
64722 0 1 0 0 0
64494 0 0 0 0 0
64500 0 1 0 0 0
58035 0 1 0 0 0
56816 0 0 0 0 0
64732 0 0 0 0 0
61934 0 0 0 0 0
62378 0 0 0 0 0
64506 0 0 0 0 0
64588 0 0 0 0 0
57913 1 0 0 0 0
64974 0 0 0 0 0
61827 0 0 0 0 0
57914 0 0 0 0 0
59968 0 0 0 0 0
64928 0 0 0 0 0
62368 1 0 0 0 0
58470 1 0 0 0 0
64930 0 0 0 0 0
64735 0 1 0 0 0
64578 0 0 0 0 0
62777 0 0 0 0 0
64590 0 0 0 0 0
64990 0 0 0 0 0
64575 0 1 0 0 0
61770 0 0 0 0 0
68040 0 1 0 0 0
62412 0 0 0 0 0
63840 0 0 0 0 0
64712 0 0 0 0 0
64565 0 1 0 0 0
64718 0 1 0 0 0
62406 0 1 0 0 0
64711 0 0 0 0 0
63844 0 0 0 0 0
64730 0 1 0 0 0
56808 0 0 0 0 0
68578 0 0 0 0 0
64978 0 1 0 0 0
56820 0 0 0 0 0
62349 1 0 0 0 0
64724 0 0 0 0 0
60308 0 0 0 0 0
64880 0 1 0 0 0
64736 0 0 0 0 0
62376 0 1 0 0 0
58493 0 1 0 0 0
59917 0 1 0 0 0
62771 0 0 0 0 0
64496 0 0 0 0 0
64729 0 0 0 0 0
64631 0 1 0 0 0
65347 0 0 0 0 0
64566 1 0 0 0 0
63833 0 0 0 0 0
63835 1 0 0 0 0
64587 0 0 0 0 0
62405 0 1 0 0 0
63843 0 0 0 0 0
64495 0 0 0 0 0
63826 0 0 0 0 0
64615 0 0 0 0 0
59259 0 0 0 0 0
64721 0 0 0 0 0
64920 0 0 0 0 0
63825 0 0 0 0 0
58093 0 0 0 0 0
64340 0 0 0 0 0
62857 1 0 0 0 0
64501 0 0 0 0 0
65197 0 0 0 0 0
64567 0 0 0 0 0
64585 0 0 0 0 0
64499 0 0 0 0 0
58088 0 1 0 0 0
64719 0 1 0 0 0
64717 0 0 0 0 0
64868 0 1 0 0 0
62778 0 0 0 0 0
64592 1 0 0 0 0
64584 0 0 0 0 0
56830 0 1 0 0 0
64723 0 0 0 0 0
64572 0 0 0 0 0
64497 1 0 0 0 0
55815 1 0 0 0 0
62377 0 0 0 0 0
64932 0 0 0 0 0
64745 1 0 0 0 0
64647 0 0 0 0 0
64976 0 0 0 0 0
64568 1 0 0 0 0
64569 0 1 0 0 0
58498 0 1 0 0 0
64580 0 1 0 0 0
62350 0 1 0 0 0
59965 0 0 0 0 0
64917 0 0 0 0 0
64914 0 0 0 0 0
56829 0 0 0 0 0
64924 1 0 0 0 0
64591 0 1 0 0 0
65200 1 0 0 0 0
56784 0 1 0 0 0
56821 0 0 0 0 0
64999 0 1 0 0 0
61833 0 0 0 0 0
64571 0 0 0 0 0
64579 1 0 0 0 0
62382 0 0 0 0 0
64879 0 0 0 0 0
58039 0 1 0 0 0
59922 0 0 0 0 0
64715 0 0 0 0 0
55805 0 1 0 0 0
62351 0 0 0 0 0
65571 0 0 0 0 0
63832 0 0 0 0 0
57785 0 0 0 0 0
64733 0 0 0 0 0
64918 0 0 0 0 0
64878 0 0 0 0 0
64586 0 0 0 0 0
64498 0 0 0 0 0
64627 0 1 0 0 0
65216 0 0 0 0 0
64912 0 0 0 0 0
61700 0 0 0 0 0
62381 0 0 0 0 0
65196 0 0 0 0 0
59967 0 0 0 0 0
64919 0 0 0 0 0
65349 0 0 0 0 0
61932 0 0 0 0 0
61829 0 0 0 0 0
56811 0 0 0 0 0
58038 0 0 0 0 0
56824 1 0 0 0 0
64570 0 0 0 0 0
62353 0 0 0 0 0
57781 1 0 0 0 0
62408 0 0 0 0 0
62385 0 0 0 0 0
64727 1 0 0 0 0
64881 0 1 0 0 0
64726 0 1 0 0 0
62380 0 0 0 0 0
61811 0 0 0 0 0
64926 0 0 0 0 0
64574 0 0 0 0 0
64882 0 0 0 0 0
62410 0 1 0 0 0
56819 0 0 0 0 0
64688 1 0 0 0 0
56780 0 0 0 0 0
64731 0 0 0 0 0
56810 0 0 0 0 0
56832 0 0 0 0 0
56827 1 0 0 0 0
63846 0 0 0 0 0
64581 0 0 0 0 0
64610 0 1 0 0 0
62694 0 1 0 0 0
64706 0 0 0 0 0
