53125 0 0 0 0 1
65037 1 0 0 1 1
61983 0 1 0 0 0
62715 0 0 0 0 0
73340 0 1 1 0 1
73318 1 1 0 1 1
61865 1 0 0 1 1
53331 1 0 1 1 1
74973 0 0 0 0 1
74402 1 0 0 0 1
62049 1 0 1 0 1
74292 0 0 1 1 0
53395 0 0 1 0 0
66310 1 0 0 0 0
53402 1 1 0 1 0
74294 1 1 0 1 1
62018 0 0 0 0 1
66320 0 0 0 0 0
62095 0 0 1 0 0
53228 1 0 0 0 0
53187 0 0 1 1 0
70282 0 0 0 1 1
61608 1 1 1 1 1
70265 1 0 0 1 1
70260 0 0 1 1 0
75213 1 0 1 0 1
74293 1 0 0 0 1
73488 1 0 1 0 0
53241 1 0 0 1 0
74370 0 1 0 1 1
79854 1 1 1 1 1
74354 0 1 1 0 0
73305 0 1 1 1 1
74378 1 1 1 1 0
61880 0 1 0 0 1
74367 0 1 1 1 0
73350 0 0 1 1 1
71948 1 0 1 1 0
55132 1 0 1 1 1
74764 1 1 0 1 1
72411 1 0 1 1 0
73467 0 0 0 1 0
62052 1 0 1 1 0
61973 1 0 1 0 0
70293 0 0 0 1 0
70306 0 0 0 0 0
62732 1 1 0 1 1
74747 0 0 0 1 0
62718 1 1 1 1 1
59700 1 1 1 1 1
70283 0 1 1 1 0
53391 0 1 1 0 0
54343 1 0 0 0 0
62060 0 0 0 0 1
62721 1 0 1 0 0
73347 1 0 1 1 1
70317 1 0 1 0 0
70256 1 1 1 1 1
70272 0 0 0 1 0
62722 1 0 1 0 1
51822 1 1 1 0 1
74974 0 0 0 0 0
62010 0 0 0 1 1
74379 0 0 0 0 0
74408 1 0 1 1 0
52068 1 1 0 1 0
62014 1 1 1 1 0
64510 1 1 0 0 1
66298 0 1 1 1 0
62074 0 0 1 0 0
67037 1 1 1 1 1
70326 1 0 1 0 1
70248 1 0 1 1 1
66311 1 0 1 0 1
70297 0 1 1 1 0
72796 1 0 0 0 0
70300 1 0 1 0 1
76666 1 0 0 0 0
52018 0 0 0 0 0
70263 1 0 1 1 1
55120 1 0 1 0 0
62011 1 1 0 1 1
73356 0 0 0 1 0
74361 0 0 1 0 0
53400 0 0 1 0 0
73335 1 0 1 0 1
74322 0 0 1 0 0
61972 1 0 1 1 0
67019 1 0 0 1 1
61867 0 1 1 1 0
74971 1 1 0 0 0
73303 0 1 1 1 0
70314 0 0 0 1 0
52040 0 1 0 0 0
53389 0 1 0 0 1
74397 0 1 0 1 1
70307 0 0 1 0 0
62511 0 0 0 1 0
70287 0 1 0 0 0
62055 0 1 1 1 1
79839 1 1 1 0 0
66340 1 0 1 1 1
53394 0 1 0 0 0
62005 1 0 1 0 0
76671 1 1 0 0 0
70316 0 0 0 1 1
53227 1 0 1 1 1
62064 1 1 0 0 1
61882 0 1 0 0 1
74291 1 0 1 0 0
66301 1 0 1 0 0
66299 1 0 0 0 0
66312 0 0 1 1 0
73362 1 1 1 0 0
73469 1 0 0 0 0
61689 1 0 0 0 0
62099 0 1 1 1 0
70320 0 0 1 0 0
84528 0 1 0 0 0
70319 0 0 1 0 1
74737 1 1 0 1 0
61975 1 0 0 1 1
62326 0 0 1 0 1
62736 1 0 1 0 1
73322 1 1 1 1 1
73355 0 1 0 0 0
62017 0 0 1 1 1
73336 0 0 1 1 0
66313 0 1 1 0 0
52106 1 0 1 1 1
61876 1 0 0 0 0
73360 1 0 1 1 1
73306 0 1 0 0 0
73344 0 0 1 1 1
72412 1 0 1 1 1
71061 1 1 1 1 1
70315 0 0 1 1 1
53401 1 0 1 0 0
66341 1 0 1 1 1
81770 0 0 1 0 1
62012 1 1 1 0 0
61881 0 1 0 0 1
67040 0 0 0 0 0
79966 1 1 0 1 0
62720 0 0 0 0 0
73308 1 0 0 1 0
84535 0 0 0 0 0
81424 0 1 1 1 0
73367 0 0 1 0 1
55681 0 0 0 1 0
74352 0 1 1 0 0
70355 0 0 0 0 0
84509 1 0 0 1 1
62730 0 0 0 0 0
70318 0 0 1 1 1
62072 1 0 1 1 0
62024 0 0 1 1 1
62058 0 0 0 0 0
73468 1 0 1 1 1
62277 1 1 1 1 1
74883 0 0 1 1 0
62066 0 1 1 0 0
73328 0 0 0 0 0
53397 1 1 1 0 0
74296 1 0 0 1 0
74377 1 0 0 1 0
62006 0 0 0 0 0
64651 0 0 0 0 0
62687 1 1 1 0 1
61995 1 0 1 1 1
76593 0 1 0 0 1
71913 0 0 0 0 1
61869 0 1 0 1 1
74374 1 1 0 1 1
84466 0 0 0 1 0
74344 0 1 1 1 1
70252 1 0 1 1 1
70312 1 1 0 0 1
62692 1 1 1 0 1
74300 1 0 0 0 0
53399 0 0 1 1 1
66307 1 0 1 0 0
62022 0 0 0 0 0
74395 0 1 1 1 0
53923 1 0 0 0 0
76684 0 1 0 1 0
70279 1 0 1 1 1
53396 0 0 1 0 0
73351 0 0 0 0 0
53392 0 0 1 0 0
61875 1 0 0 0 0
74363 0 0 1 0 0
79850 0 0 0 1 1
74310 1 0 1 1 1
64737 1 1 1 1 0
73369 1 0 0 1 0
73368 0 0 0 0 0
62731 1 1 1 1 0
74338 0 0 1 1 0
61999 1 0 1 1 1
84521 0 0 0 0 0
57654 0 1 0 0 0
62061 0 0 0 0 0
70269 0 0 0 0 0
62007 0 0 1 1 0
52054 1 0 1 1 1
64647 0 0 0 0 0
62062 0 1 1 0 1
61855 0 0 0 1 0
62680 1 1 0 0 0
74351 1 0 1 0 0
79837 1 0 1 0 1
62710 0 1 1 1 0
57909 1 1 1 1 1
53523 0 0 0 1 0
73327 0 0 0 0 0
70285 0 0 0 0 0
62008 1 0 1 0 1
75548 1 0 0 1 0
62402 0 0 1 0 1
61907 0 0 1 0 0
61986 0 0 1 1 0
74321 0 0 1 1 1
66315 0 1 1 1 0
70275 0 0 1 0 0
62015 0 1 1 0 0
84485 0 0 0 0 1
74317 1 1 1 0 0
74381 0 1 1 1 0
62013 0 0 0 0 0
62009 1 1 1 0 1
72415 1 0 0 0 0
62711 1 0 1 0 1
62690 1 1 1 0 0
53108 0 0 0 0 0
62021 0 0 0 0 1
62028 1 0 1 0 0
73319 1 0 1 1 1
70255 1 1 1 1 0
74308 0 0 1 0 0
61874 1 1 0 1 1
76668 1 0 1 1 0
85035 0 1 0 1 0
70323 0 0 1 1 1
74343 0 0 1 0 0
53398 0 1 0 0 0
62071 1 0 1 1 0
73320 0 0 1 1 0
73325 0 0 1 1 0
70336 1 0 1 0 1
70250 0 0 1 1 1
62716 1 0 1 0 0
77725 0 1 1 0 0
74318 1 0 1 0 0
53252 1 0 0 1 1
73359 1 0 1 1 1
66343 0 0 1 1 0
73473 1 0 1 1 1
74749 1 0 1 0 0
61681 1 0 1 0 0
74302 0 0 0 0 0
74325 1 0 0 0 0
74298 1 0 0 1 1
61984 1 1 0 1 0
61978 0 0 1 1 1
73304 1 1 1 0 0
75239 1 0 1 1 0
53503 1 0 0 0 1
74380 1 0 0 0 1
73339 0 0 1 1 1
62712 1 0 1 0 0
74312 1 0 1 1 1
53148 0 0 0 0 1
74289 1 0 0 1 0
53181 0 0 0 0 0
61629 1 1 0 0 0
73299 1 0 1 0 1
62708 0 1 1 0 0
61988 1 1 1 1 0
67018 1 0 0 0 1
61688 1 0 0 0 1
73342 0 1 1 0 0
62684 0 0 1 1 0
70259 0 0 0 0 0
62077 1 0 0 0 1
74328 1 1 1 1 1
61862 1 0 0 0 0
62734 0 0 1 0 1
66305 0 1 0 0 0
66342 0 0 0 0 0
74392 0 0 1 0 0
62026 0 0 1 1 1
62679 1 0 1 0 0
61878 0 0 0 0 0
73363 1 0 1 1 1
70262 0 0 0 1 0
84501 0 1 0 1 0
73820 1 0 1 0 0
53493 1 0 1 1 1
53390 1 0 1 1 1
62054 0 0 1 0 0
53202 0 0 1 1 1
77781 0 0 0 0 0
62713 1 0 1 0 0
79812 1 1 1 1 1
74371 1 0 0 0 1
73352 1 0 0 0 1
61979 0 0 0 1 1
53393 0 0 1 1 0
74800 1 1 0 1 1
66345 1 0 0 0 0
74305 0 0 0 0 0
61861 1 0 1 0 1
62707 0 0 1 0 0
73330 0 0 1 1 1
73324 1 1 1 1 1
73333 1 0 0 0 1
84426 0 0 0 1 0
70251 1 1 0 1 1
74326 0 0 1 1 0
66314 1 0 1 1 1
84475 1 0 1 0 1
73349 1 1 1 1 0
62714 1 0 0 0 0
62027 1 1 1 0 1
74364 1 1 1 1 1
62069 1 1 1 0 0
71935 1 1 0 1 1
61996 0 1 0 1 1
73331 1 1 1 0 1
74320 0 1 1 1 1
70284 0 1 0 0 0
70324 1 0 1 0 1
53546 0 0 1 0 1
53500 1 1 1 0 1
66304 0 1 1 1 0
70299 1 1 0 1 1
74348 1 1 1 1 0
72417 0 0 0 0 1
70349 1 1 0 0 1
70302 1 1 1 1 1
73316 1 0 0 0 0
62016 0 0 1 0 0
69763 1 0 0 0 0
74327 1 0 0 1 0
62694 1 0 0 1 1
74355 1 0 1 0 0
53535 1 0 0 0 0
70266 0 1 1 1 1
73371 0 0 0 1 1
66308 1 1 1 1 1
