84169 1 1 0 1 0
84164 0 0 0 0 0
78571 1 0 0 0 1
78548 1 0 1 1 1
78551 0 0 0 1 0
78580 1 1 1 1 1
78523 0 1 0 0 1
78577 1 1 1 1 0
78899 1 1 0 0 0
78925 0 0 0 0 0
78592 0 0 0 0 0
78550 1 1 1 1 1
78494 1 1 0 1 1
78544 1 0 0 0 0
84081 1 1 0 1 1
84123 1 0 1 0 0
78537 1 1 1 1 1
78757 1 0 0 0 0
78593 1 1 1 0 0
78565 1 1 1 1 1
78498 1 1 1 1 1
78591 1 1 0 0 1
84691 0 1 0 0 0
84080 0 0 0 0 0
78568 0 0 0 1 1
79605 1 0 0 1 0
78540 0 1 1 0 0
84141 0 1 0 1 0
78588 1 1 0 0 0
78496 0 1 0 1 1
78574 1 1 1 1 1
79333 1 0 1 1 1
84138 0 0 1 0 0
78552 1 1 1 1 1
78587 1 1 0 0 1
78564 1 0 1 1 1
78547 0 1 1 1 1
78504 0 0 1 0 0
78531 0 1 1 1 1
78545 1 1 1 1 1
78555 1 1 1 1 1
78539 1 1 1 1 1
78569 1 0 1 0 1
78927 0 1 0 0 1
78900 0 0 1 0 0
78567 1 1 1 1 1
78503 0 1 0 1 1
84580 0 0 0 0 0
78575 0 0 1 1 1
78559 1 1 1 0 0
78534 1 1 1 1 1
78549 1 1 1 1 0
78493 1 0 0 1 0
78517 1 0 1 1 1
78528 1 1 1 0 1
84076 0 0 1 0 1
84143 1 1 0 0 1
78492 1 1 0 1 1
84137 0 0 0 0 1
78546 1 1 1 1 1
78519 0 1 1 0 1
84142 0 0 0 1 0
78901 1 1 1 1 0
78579 0 1 0 1 1
78495 0 0 0 0 0
78521 1 0 0 1 1
78764 0 1 0 1 1
78514 1 1 0 1 1
78874 1 0 1 1 1
78763 1 1 1 0 0
78532 0 0 1 1 0
78558 0 1 1 0 1
78499 0 1 1 1 0
84122 1 0 0 0 0
78582 0 0 1 0 1
78598 1 1 1 1 0
78766 1 0 0 0 1
78561 0 1 0 0 1
78553 1 0 1 1 1
84145 0 0 0 0 0
78758 0 0 0 0 1
78515 1 1 1 1 1
78512 1 0 1 1 0
78581 1 1 0 1 1
78536 1 1 1 1 1
78518 1 1 1 1 1
78573 0 1 1 1 1
78520 1 1 0 1 1
78557 0 1 1 1 1
78500 1 1 1 1 1
78522 1 0 1 1 1
78556 1 1 1 1 1
78562 1 1 1 1 1
78560 1 1 1 1 1
78501 0 0 0 1 0
78585 1 1 1 1 1
78513 1 1 1 1 1
78576 0 1 1 1 1
78590 1 1 1 1 0
78538 1 1 1 1 0
78586 1 0 0 1 0
78875 0 0 0 0 0
78589 0 0 1 1 1
78542 1 1 1 1 1
78543 0 1 1 1 1
78541 1 0 0 1 1
78570 1 1 1 1 1
78535 0 1 0 1 1
78583 1 1 1 0 0
78566 0 1 1 0 0
78524 1 1 1 1 0
84078 1 0 1 1 1
84165 0 0 0 0 0
78584 1 1 1 0 1
78902 0 1 1 1 1
78516 1 1 1 1 1
