83515 0 0 0 0 1 0
83851 0 1 0 1 1 1
77860 1 1 1 1 1 1
76310 1 1 0 1 0 0
71546 1 0 1 1 0 1
84221 0 0 0 1 0 0
79894 1 1 1 1 1 1
77759 1 1 1 1 1 1
75981 0 0 0 1 1 0
71530 1 1 1 0 1 0
71537 1 1 1 1 1 1
78799 1 1 1 1 1 1
75860 1 1 1 1 1 1
71610 1 1 0 1 1 1
84434 1 1 1 1 1 1
84241 1 1 1 0 1 1
71548 1 1 1 1 1 1
75862 0 0 1 0 1 0
76320 1 1 1 1 0 1
76015 0 0 0 0 0 0
84252 1 1 1 1 1 0
71613 1 1 0 1 1 1
78825 1 1 1 0 1 1
77931 1 0 1 1 1 1
76027 0 0 0 0 0 0
76443 0 0 0 0 0 0
61773 0 1 0 0 0 1
75921 0 1 0 0 0 0
84435 1 1 1 1 1 1
84242 1 1 1 1 1 1
71545 0 1 1 0 0 1
77912 1 1 1 1 1 1
71606 1 0 1 0 1 1
71611 1 1 1 1 1 1
71547 1 1 1 1 1 1
75930 0 0 0 1 0 1
76054 0 0 0 0 0 0
71616 1 0 1 1 0 1
84251 1 1 1 1 1 1
80981 1 1 1 1 1 1
75136 0 1 1 1 1 1
71544 1 1 1 1 1 1
84643 1 1 1 1 1 1
71618 1 0 1 1 1 1
71528 1 1 1 1 1 1
71602 0 0 1 1 1 1
71598 1 0 1 0 0 1
75969 1 0 1 0 1 1
84240 1 1 1 1 0 1
77761 1 1 1 1 1 1
75141 1 1 1 1 1 1
71617 0 1 0 1 1 1
77785 1 1 1 1 1 1
64593 1 0 1 1 1 1
74615 1 1 1 1 1 1
75903 0 0 0 0 0 0
71532 1 1 1 1 1 1
83847 0 1 0 1 0 1
75966 1 0 0 0 1 1
83527 1 1 1 1 1 0
83842 1 1 0 1 1 1
84635 1 1 1 1 1 0
71601 1 0 0 1 1 1
71529 1 1 1 1 1 1
58033 0 1 0 1 0 1
64615 1 1 1 0 1 0
76059 0 1 1 0 0 0
84433 1 1 1 1 1 1
71533 1 1 1 1 1 1
76018 0 0 0 0 0 1
75970 1 1 0 1 0 0
78792 1 0 1 1 1 1
76060 1 1 1 1 1 1
77793 1 1 1 1 1 1
84441 1 1 1 1 1 1
71538 1 1 1 1 1 0
83771 0 1 0 0 1 1
77731 1 1 1 1 1 1
77796 0 0 0 0 1 0
75278 1 1 1 1 1 1
71614 0 0 1 0 1 1
76037 0 0 0 0 0 0
83520 0 0 0 0 0 0
84630 1 0 0 1 1 1
71599 1 1 1 1 1 1
76014 0 0 1 0 0 0
75131 1 1 1 1 1 1
75859 1 1 0 1 0 1
71609 1 1 1 1 1 1
84250 1 1 1 1 1 0
84636 1 0 1 1 0 0
84431 1 1 1 1 1 1
75931 1 0 1 1 1 1
84247 0 1 0 1 1 1
83843 1 0 1 0 0 0
76399 0 0 0 0 0 0
77763 1 1 1 1 1 1
84629 1 0 1 0 0 0
75910 1 1 1 1 1 1
84644 0 0 1 1 1 1
75975 0 0 0 0 0 0
76045 1 1 1 1 1 1
71539 1 1 1 1 1 1
71604 1 1 1 1 1 1
76167 1 0 1 0 0 1
84249 1 1 0 1 1 1
75917 1 1 0 0 0 1
84437 1 1 1 1 1 1
76013 0 0 1 0 0 0
71603 1 1 1 1 1 1
76009 0 0 0 0 0 0
71605 1 1 1 1 1 1
71542 1 1 1 0 1 1
84438 1 1 1 1 1 1
78800 0 1 1 1 1 1
84432 1 1 0 1 1 0
71608 1 1 0 1 1 1
77795 0 1 0 0 0 1
79991 1 1 1 1 1 1
77729 0 0 0 0 1 0
83759 0 0 0 0 0 1
84254 1 1 1 1 1 1
84248 1 1 1 1 1 1
76016 1 1 0 1 1 1
77791 1 0 0 1 1 1
84638 1 1 0 1 1 0
84628 0 1 1 0 1 0
71535 1 1 1 1 1 1
71541 1 1 1 1 1 1
84439 0 1 0 0 1 1
84246 1 1 1 1 1 1
84633 0 1 1 0 0 1
84436 0 1 1 0 1 0
84647 0 1 1 0 0 1
84631 1 1 1 0 0 0
83849 0 1 1 0 1 1
63839 0 0 0 0 0 0
83517 0 0 1 0 1 1
77787 0 1 0 0 0 0
71534 1 1 1 1 1 1
76021 0 0 0 0 0 0
76056 0 0 0 0 0 0
77788 0 1 1 1 1 1
77792 0 0 1 0 1 0
84639 1 1 1 1 1 1
71536 1 1 1 1 1 1
80346 1 1 1 1 1 1
75973 1 0 0 0 0 0
71607 1 1 1 1 1 1
78796 1 1 1 1 1 1
71540 0 1 1 1 1 1
83714 0 1 0 1 0 1
77751 0 0 0 0 1 1
84632 0 1 0 0 0 1
84646 0 1 0 1 0 0
84430 1 1 1 1 1 1
84243 0 1 0 1 1 1
84645 1 0 0 1 1 1
84253 1 1 1 1 1 1
75781 0 0 1 0 0 0
