77860 1 0 1 1 1 1
75227 1 1 1 0 0 1
63880 1 1 1 1 1 1
75147 1 1 1 1 1 1
79894 0 1 1 1 1 0
77759 1 1 1 1 1 1
80004 1 1 1 1 1 0
75862 0 0 0 0 0 0
80221 1 1 0 1 0 1
77931 1 1 1 1 1 1
75149 1 1 1 1 1 1
79994 1 1 1 1 1 0
72521 1 1 0 0 1 0
72890 1 0 0 0 0 0
80003 1 0 0 0 1 1
73045 0 0 0 0 0 0
77912 1 1 1 1 1 1
77921 1 0 0 0 1 0
73030 0 0 0 0 0 1
75133 1 1 1 1 1 1
79917 1 1 0 1 1 1
73031 1 0 1 0 0 0
77739 1 1 1 1 1 1
80002 1 0 1 1 1 1
72888 1 0 1 1 1 1
75136 1 1 1 1 1 1
77829 0 1 1 1 1 1
77683 1 0 0 0 0 1
72520 1 1 0 0 0 1
77761 1 1 1 1 0 0
75141 1 1 1 1 1 1
75132 1 0 1 1 1 1
73023 1 0 0 0 0 1
84271 1 0 1 1 0 0
77785 1 1 1 1 1 1
77770 1 1 0 1 1 1
77738 1 0 1 1 1 1
72898 1 1 1 0 0 0
74615 1 1 1 1 1 1
79989 0 1 1 1 0 1
73032 0 1 0 0 0 1
74737 1 1 0 1 1 1
73029 1 1 1 1 1 1
75154 1 1 0 0 1 1
80001 1 0 1 0 1 1
75135 0 1 1 1 1 1
58033 1 0 1 0 1 0
73024 0 0 0 1 0 1
75129 1 1 1 1 1 1
75142 1 1 1 1 1 1
73033 0 1 0 0 0 0
65042 0 1 0 0 0 0
72526 0 1 0 0 0 1
73019 0 0 0 1 0 0
79988 1 1 0 1 1 1
72887 1 0 1 1 1 1
75128 1 1 1 1 1 1
83771 0 0 0 1 1 1
77731 1 1 1 1 1 1
73028 0 0 0 0 1 1
80106 1 0 0 1 1 1
75137 1 1 1 1 1 1
80398 0 0 1 1 1 1
75131 1 1 1 1 1 1
72495 1 0 1 0 0 0
73018 0 0 0 0 0 0
80000 0 1 0 1 0 1
72504 1 0 1 0 0 1
72891 1 0 0 0 1 0
72525 1 1 0 1 0 0
79998 1 1 1 1 1 1
77763 1 1 1 1 1 1
75123 1 1 1 1 1 1
79987 1 1 1 1 1 1
61683 1 1 1 1 1 1
73049 1 0 0 0 1 0
72894 0 1 1 1 1 1
80007 1 1 1 1 1 1
72896 0 1 0 0 0 1
75145 1 1 1 1 1 1
77625 1 0 1 1 1 0
79918 0 1 1 0 0 0
72987 0 0 0 0 0 0
79999 1 0 1 0 1 1
75140 1 1 1 1 1 0
73026 0 0 0 0 0 1
72494 0 0 0 1 1 1
79991 1 1 1 1 0 1
77729 0 0 0 1 1 0
83759 0 0 1 0 0 0
75146 1 1 1 1 1 1
80006 1 1 1 0 1 1
75138 1 1 1 1 1 1
72501 1 0 0 0 0 0
77743 1 1 0 0 1 1
79993 0 1 0 1 1 1
73025 0 0 0 0 0 0
77938 1 1 1 1 1 1
73017 0 1 0 0 0 0
74741 0 1 0 1 1 0
77787 1 0 0 0 0 1
72889 0 0 0 0 1 0
73692 0 1 0 1 0 0
77788 1 1 1 0 0 0
79997 1 1 1 1 1 0
80005 1 1 1 0 0 1
73022 0 0 1 1 0 0
80346 1 1 1 1 1 1
75125 1 1 1 1 1 1
79992 1 0 1 1 1 1
73046 1 0 0 1 0 0
83714 0 1 0 0 1 1
77751 1 0 0 0 1 1
84594 0 0 0 0 0 0
75148 1 1 1 1 0 1
75781 0 0 0 1 0 0
72902 0 1 1 0 0 0
