77860 0 1 1 0 1 1
71546 0 0 1 0 1 1
72036 0 1 0 1 0 1
72031 0 0 0 0 0 1
72979 0 0 0 0 0 0
77759 1 1 1 1 1 1
71530 0 1 0 0 0 1
71537 1 1 1 0 1 1
74281 0 0 0 0 0 0
71959 1 0 1 0 0 0
71548 0 0 1 1 0 1
73983 0 0 0 1 0 0
74022 0 0 0 0 0 0
72020 0 0 1 0 1 1
73048 1 0 0 1 0 1
71613 1 1 1 0 0 1
77931 1 1 0 0 1 1
72980 0 0 0 0 0 0
72028 0 0 0 1 0 1
73975 0 0 0 0 0 0
72969 0 0 0 0 0 0
71545 0 0 0 0 0 0
77912 0 1 1 1 1 0
71606 1 1 1 1 0 0
71611 0 1 0 1 0 0
71966 0 1 1 1 0 1
71600 0 0 0 0 1 1
71547 1 1 0 0 1 1
72037 0 0 1 1 1 1
73575 0 1 0 1 1 0
71616 0 1 1 0 0 1
71612 1 0 1 0 0 0
72030 0 0 1 0 0 0
72033 0 0 1 1 0 0
71544 1 1 0 1 1 0
71618 1 1 1 1 1 1
77829 0 1 0 1 1 0
71956 0 1 1 1 0 0
71602 1 1 0 0 1 1
71598 0 0 1 1 1 0
73997 0 0 0 0 0 0
77761 1 0 1 1 0 1
75141 1 1 1 1 1 1
71617 1 1 0 0 1 1
77785 1 0 1 1 1 1
77770 0 0 0 0 1 0
74615 1 1 1 0 1 1
71532 0 1 0 0 1 0
71974 0 1 1 1 0 0
73032 1 0 1 0 0 0
74737 0 1 1 1 1 1
72021 1 1 1 0 1 1
71601 0 0 1 1 1 0
71529 1 1 1 0 1 1
72019 1 0 0 1 1 0
73576 1 0 1 1 1 1
74128 0 0 0 0 0 0
71533 0 0 0 0 0 1
73977 1 0 0 1 0 0
73982 0 0 0 0 1 0
71538 0 0 1 1 1 0
77731 1 1 1 1 0 1
72043 0 0 1 1 1 0
71954 1 0 1 0 0 0
71614 0 1 0 1 1 1
84595 0 0 0 1 1 0
71599 1 1 0 1 0 1
71609 1 0 1 1 1 0
73686 0 0 0 0 0 0
77763 1 1 1 0 1 1
73976 1 1 0 0 0 1
71952 0 1 1 1 1 0
73582 0 0 0 0 1 1
71539 0 0 1 0 0 1
71604 1 1 1 0 1 1
72022 0 1 0 1 0 0
73585 0 0 0 0 0 0
72600 0 1 0 0 0 0
72032 0 0 0 1 1 0
71603 0 1 1 0 1 0
72987 0 0 1 0 0 0
71605 0 1 0 0 1 0
71542 1 0 1 1 1 0
72039 1 1 1 1 1 0
73979 0 0 0 0 0 1
71608 1 1 0 1 1 0
71697 1 1 1 0 1 0
73995 0 1 0 0 0 0
73026 0 1 0 0 0 1
77729 0 0 0 0 0 0
72027 1 0 0 1 0 1
73984 0 0 0 0 0 0
72025 1 0 0 0 1 1
77743 0 1 1 1 1 0
71535 0 0 0 1 0 0
72034 1 0 0 0 0 0
73978 0 1 0 0 0 0
73017 0 1 1 0 1 0
77787 0 0 0 0 0 0
71534 1 0 0 0 1 1
73985 1 1 0 1 0 0
72024 1 0 1 1 0 1
73692 0 0 1 1 0 1
77788 0 1 1 1 0 0
73993 0 1 0 0 0 0
71960 0 0 1 1 1 0
72971 0 0 0 0 0 0
71536 1 1 0 1 1 1
72026 0 0 1 0 1 0
71607 1 1 1 1 1 0
72970 0 1 0 0 0 0
72035 1 0 0 1 1 0
72978 0 1 1 0 0 0
77751 1 0 0 1 0 0
