76310 1 1 1 0 1 0
62470 1 1 1 1 1 1
84058 1 0 1 1 1 1
71546 1 1 1 1 1 0
84007 0 0 1 1 0 0
71537 1 1 1 1 1 1
76643 1 1 1 1 1 1
83997 0 0 1 1 0 0
71610 1 0 1 1 1 0
84001 1 1 1 1 1 1
75189 0 1 1 0 0 1
72121 1 1 0 0 1 1
84020 0 0 0 0 0 1
75213 1 1 1 0 1 1
75862 1 0 0 0 0 0
84514 0 1 0 1 0 1
76015 0 0 0 0 0 0
75947 0 1 0 0 1 1
83983 0 0 0 0 0 0
71613 1 1 1 1 1 1
76027 0 0 0 0 0 0
84006 0 1 0 1 0 1
83996 1 1 1 1 1 1
84017 1 1 0 1 1 1
75896 0 0 0 0 0 0
84000 1 1 1 1 0 1
76639 1 1 1 1 1 0
75242 1 1 1 1 1 1
76609 1 0 1 1 1 1
83525 1 1 1 1 1 1
83817 0 0 0 0 0 0
71611 1 1 1 1 1 1
75930 1 1 1 1 0 1
83686 1 0 0 0 0 0
71616 1 0 1 0 1 0
75209 1 1 1 1 0 0
74707 1 1 1 1 0 1
74796 1 0 1 1 1 1
71612 1 1 1 1 0 1
83979 0 1 0 0 1 0
76595 1 1 1 1 1 1
75246 1 1 1 0 1 1
71544 1 1 1 1 1 1
62441 1 0 1 1 1 1
75188 1 0 1 0 0 0
83985 0 0 0 0 0 0
71528 0 0 1 1 1 1
71602 0 1 1 0 1 1
71598 1 1 0 0 1 0
83995 1 1 0 0 0 1
75969 1 0 1 1 0 1
75224 1 1 1 1 1 1
84022 0 1 1 1 1 1
74552 1 0 1 1 1 1
71532 1 1 1 1 1 1
83987 0 0 0 0 1 0
71601 1 1 1 1 1 1
71529 1 1 1 1 0 1
83994 1 0 0 1 1 1
58033 1 1 0 0 1 1
83710 0 1 0 0 0 0
84014 0 0 0 0 1 1
76607 1 1 1 1 1 1
84225 1 0 0 0 0 0
83984 0 1 0 0 1 1
75187 1 0 0 0 0 0
71533 1 0 1 1 1 0
62442 0 1 1 1 1 1
76018 0 0 0 0 1 0
84207 0 0 0 0 1 0
76644 1 1 0 0 0 1
74614 1 1 0 1 1 1
71538 1 0 1 1 1 1
83771 1 1 0 1 1 1
76605 1 1 1 1 1 1
76593 1 1 1 1 1 0
75904 1 1 1 1 1 1
75906 1 0 0 0 1 0
76061 0 0 0 1 1 0
71599 1 1 1 1 1 1
71609 1 1 1 1 1 1
61777 1 1 1 1 1 0
73018 0 1 0 0 0 1
74766 1 1 1 1 1 1
83993 1 1 0 0 0 0
74740 1 1 1 1 1 1
74950 1 1 1 1 1 1
57909 1 1 1 1 1 1
75161 0 0 0 0 0 0
84480 1 0 0 0 0 0
75157 1 1 1 1 1 0
83778 1 1 1 0 1 0
74792 0 1 1 0 1 1
83717 0 0 0 0 1 0
83589 1 0 0 0 1 0
71539 1 1 1 1 1 1
84726 0 1 1 0 0 0
75999 0 1 1 0 0 1
76009 0 0 0 0 0 0
75158 1 1 1 1 0 0
83764 1 1 0 0 0 0
76613 1 1 1 1 1 1
76707 1 0 1 1 1 0
71542 1 1 1 1 1 1
75160 1 0 0 0 1 1
71608 1 1 1 1 1 1
74543 1 1 1 1 1 0
76650 0 1 1 1 1 1
75877 1 0 1 1 1 1
76641 0 1 1 1 1 1
83986 1 0 0 0 0 0
75239 1 1 0 1 0 0
83759 0 1 0 0 0 0
75215 1 0 1 1 1 0
75899 0 0 1 0 0 0
65033 1 1 1 1 1 1
84272 1 0 1 0 0 0
84005 0 0 0 0 0 0
76589 1 1 1 1 1 1
84013 0 1 0 0 1 0
83775 1 1 0 0 1 1
83988 1 0 1 1 1 1
76590 1 1 1 1 1 1
75972 0 0 0 0 1 0
76640 1 1 0 1 1 1
84010 0 0 0 0 0 1
71535 1 1 1 1 1 1
84516 1 1 0 0 1 0
76312 0 1 1 1 1 0
74741 1 0 0 1 1 1
84048 1 1 0 0 0 1
76648 1 1 1 1 1 1
75232 1 1 1 1 1 0
69314 1 1 1 1 1 1
71534 1 1 1 1 1 1
75192 1 0 0 0 0 0
84018 0 0 1 0 1 0
75914 0 0 0 0 0 0
84012 0 0 0 0 0 0
83998 0 1 0 0 0 0
74608 1 1 0 1 1 0
76851 1 1 1 1 1 1
71536 1 1 1 1 1 1
75159 0 0 1 0 0 0
74611 1 1 1 1 1 1
75973 0 0 0 0 0 0
71607 1 1 1 1 1 1
76384 0 1 1 1 1 1
71540 1 1 1 1 1 1
76652 1 0 1 1 1 1
57908 1 1 1 1 1 1
84021 1 0 0 0 0 0
65230 1 1 0 0 1 1
