71546 1 1 1 1 1 1
71530 1 1 1 1 1 0
71537 1 1 1 1 1 1
71610 1 1 1 1 1 1
72121 1 1 1 1 1 0
71548 1 1 1 1 0 1
75213 0 1 0 1 0 1
75862 1 1 0 0 0 0
76320 1 0 0 0 0 0
76015 0 0 0 0 0 0
76033 1 1 0 0 1 1
73048 0 0 0 0 1 1
71613 1 1 1 1 1 1
83784 0 1 0 1 0 1
76027 0 0 0 0 0 0
72980 1 1 0 0 0 1
76639 1 1 1 1 1 1
71545 0 1 1 1 1 1
71611 1 1 1 1 1 0
71606 1 1 1 1 1 1
78209 1 0 1 1 1 0
75989 0 0 0 1 0 0
71600 1 1 1 1 1 1
71547 1 1 1 1 1 1
75930 0 1 1 0 0 1
73575 1 0 0 0 1 0
71616 1 1 1 1 1 1
64712 0 1 0 1 0 0
71612 1 1 1 1 1 1
74254 0 1 0 1 1 1
74243 0 1 0 1 1 0
62441 1 1 1 1 1 1
71544 0 1 1 1 1 1
71618 1 1 1 1 1 1
71602 1 1 1 1 1 0
71598 1 1 1 1 1 1
74257 1 1 0 1 0 0
73574 0 0 1 1 1 0
75977 0 0 0 0 1 1
71617 1 1 1 1 1 1
75915 0 1 0 0 1 0
73584 0 1 1 1 0 0
64593 1 1 0 0 1 0
75903 0 0 0 0 0 0
71532 1 1 1 1 1 1
73032 0 0 1 0 0 0
75753 1 0 0 1 0 1
76352 1 0 0 0 1 0
74246 1 1 1 0 1 1
74256 1 1 1 1 1 1
71601 0 1 1 0 1 1
74244 0 1 0 1 1 1
71529 1 1 1 0 1 0
58033 1 0 1 0 1 1
64615 1 0 1 1 0 1
83710 0 0 0 0 0 0
76607 1 1 0 0 1 1
73576 0 1 0 1 1 0
73024 0 0 1 1 0 1
71533 0 1 1 0 0 0
76018 0 0 0 0 0 0
73033 0 1 0 1 0 0
75985 0 0 0 0 1 1
76060 1 1 1 1 1 1
71538 1 1 0 1 1 1
72887 0 1 0 1 1 0
75979 1 1 1 1 1 1
76605 1 1 1 0 1 1
76593 0 1 1 1 0 0
73028 1 0 1 1 1 0
75904 1 1 1 0 1 1
76065 1 0 1 1 0 0
75278 1 1 0 1 0 1
71614 0 1 1 1 1 0
75906 0 1 0 1 0 0
74240 1 1 1 1 0 1
74249 0 0 0 1 1 1
71599 1 1 1 1 1 1
74252 0 1 1 1 1 1
71609 0 1 1 1 1 1
61777 1 0 0 1 0 1
73018 1 0 1 0 0 0
65202 1 0 0 0 0 0
74740 1 1 1 0 0 1
74239 0 1 1 1 0 1
74241 0 0 0 1 1 1
74255 0 1 0 0 1 1
74265 0 1 1 0 1 0
76038 1 0 0 0 0 0
71539 1 1 1 1 0 0
71604 1 1 1 1 1 1
73585 1 1 1 1 1 1
76167 0 1 1 0 1 0
71603 1 1 1 1 1 1
72987 1 1 0 0 0 0
71605 1 1 1 1 1 1
76613 1 1 1 1 1 1
71542 1 1 0 0 1 1
73044 0 0 0 1 1 1
71608 1 1 1 1 1 1
74242 1 0 1 1 1 0
71697 1 1 1 1 1 1
73052 1 0 1 0 0 1
73026 0 1 1 1 1 1
64692 0 1 1 0 1 0
74783 1 1 0 1 0 1
83759 1 0 0 0 0 1
75215 0 1 1 1 1 1
73580 1 1 0 0 0 0
65033 1 1 1 0 1 0
76589 1 1 1 0 1 1
76378 1 0 1 1 1 0
83775 1 0 1 0 1 1
73021 0 0 0 1 0 1
76640 1 1 1 0 1 1
74247 0 1 0 1 1 1
71535 1 1 1 0 1 1
71541 1 1 1 1 0 1
73025 0 0 0 1 0 0
76337 0 0 0 0 0 0
75980 1 0 0 0 0 0
73017 0 1 0 0 0 0
69314 1 1 1 1 1 1
74253 1 0 1 1 1 1
71534 1 1 1 1 1 1
74250 0 1 1 1 0 1
74800 0 1 1 1 0 0
75926 0 0 1 0 0 0
75875 0 0 1 0 0 0
74608 1 1 0 0 0 0
71536 1 1 1 0 1 1
75973 1 0 1 0 0 0
71607 1 1 1 1 1 1
71540 1 1 1 1 1 1
83714 1 0 0 0 0 0
74248 0 1 1 1 1 1
76652 1 1 1 1 1 1
57908 1 1 1 1 1 1
65230 1 1 1 1 1 1
