76316 1 1 1 1 1 1
76310 1 0 0 1 1 1
62470 0 1 0 1 1 0
76643 1 0 0 1 1 1
71610 1 1 1 1 1 1
75189 0 0 1 0 0 1
72121 1 1 1 1 1 1
75959 1 1 0 1 0 1
76015 0 0 0 0 0 0
76033 0 0 1 1 1 0
55814 0 0 1 0 1 1
75947 0 0 0 0 1 1
71613 1 1 1 1 1 1
58863 1 1 1 0 0 1
76027 0 0 0 0 0 0
83996 1 1 1 1 1 1
76322 1 1 0 1 1 1
76639 1 1 1 1 1 1
75242 1 1 0 1 1 1
76416 0 0 1 0 1 0
76609 0 1 1 1 1 1
71606 1 1 1 1 1 0
75194 0 0 0 1 0 0
75989 1 1 1 1 1 1
75930 0 0 0 1 1 1
74786 0 1 1 1 1 1
75209 1 1 0 1 1 0
64712 1 0 0 1 1 0
74707 1 1 1 1 1 0
74796 0 1 1 0 1 1
76595 1 1 1 1 1 1
75246 1 1 1 0 1 1
84853 0 0 1 0 0 0
62441 1 1 0 1 1 1
75188 0 0 0 0 1 1
76020 1 0 0 0 0 1
75969 0 1 1 1 1 0
55803 1 1 1 1 1 1
76017 1 0 1 0 0 1
75224 1 0 1 1 1 1
80339 1 0 0 1 1 1
83829 1 1 1 1 1 1
83770 0 0 0 0 0 1
74552 1 0 1 1 0 1
75753 0 0 0 0 0 0
71601 1 1 1 1 1 1
64615 0 0 0 0 0 0
76607 1 1 1 1 1 1
76594 1 1 1 1 1 1
76059 0 0 1 0 1 0
75187 1 0 0 0 0 0
71533 1 0 1 0 1 1
62442 1 1 0 0 1 1
76018 0 0 0 1 0 0
76644 1 0 1 1 1 1
76314 0 0 0 0 0 0
75970 1 0 0 1 1 0
75934 0 0 0 0 0 0
76060 1 0 0 1 1 0
74614 0 1 1 1 0 1
76603 1 1 1 1 0 1
76605 0 1 1 1 1 1
76593 1 1 1 1 1 1
75904 0 0 1 0 0 1
75906 0 0 0 1 0 1
75992 0 1 1 0 0 0
73591 1 1 0 1 1 1
76422 1 0 1 0 0 0
75191 1 1 0 1 0 1
76014 0 0 1 0 0 0
75995 0 0 0 0 0 0
71609 1 1 1 1 1 1
61777 1 1 1 1 1 1
73018 0 0 0 0 1 0
74766 1 1 1 0 1 1
75924 0 0 1 0 0 0
76455 0 0 0 0 0 0
75910 1 1 0 1 0 1
75878 0 0 0 1 1 0
57909 1 1 1 1 1 1
75161 1 0 1 0 1 0
75157 0 0 0 0 0 1
64602 0 0 1 0 1 0
74792 1 1 0 1 1 1
76045 1 1 1 1 1 1
61683 0 1 1 1 1 1
76318 1 1 1 1 1 0
71539 1 1 1 1 1 1
75945 1 0 1 0 0 0
75898 1 1 0 1 1 1
76167 0 1 1 0 0 0
75917 0 1 1 1 1 1
84971 0 0 0 0 0 0
65181 1 0 1 0 0 1
75999 1 1 1 1 1 0
53589 1 0 0 0 0 1
83209 1 0 1 0 0 0
71603 1 1 0 1 1 1
76315 1 1 1 1 1 1
76009 0 0 0 0 0 0
75158 0 1 1 1 1 1
71605 1 1 0 1 0 0
76613 1 0 1 1 1 1
76707 1 1 1 1 1 1
75160 0 0 1 1 1 0
83981 1 0 0 1 0 0
76152 0 0 0 0 0 0
65209 0 0 0 1 0 0
74543 1 0 1 1 1 1
76650 1 1 1 0 0 1
73026 0 0 0 0 0 0
75877 0 0 0 0 0 0
76641 0 1 1 1 1 1
75239 1 1 1 1 1 1
75215 1 1 1 0 1 1
65033 1 1 0 1 1 1
76168 1 1 1 1 0 0
84272 0 1 0 0 0 0
76589 0 1 1 1 1 0
75876 0 0 0 0 0 0
76016 0 0 1 0 0 0
83988 0 0 0 1 1 1
76590 0 1 1 1 0 0
76640 1 1 1 1 1 1
75892 1 1 1 0 0 0
76312 1 0 1 1 0 1
55808 0 0 0 1 1 1
74741 1 1 1 0 1 1
76648 1 1 1 1 1 1
75232 1 1 1 1 1 1
69314 1 0 1 1 1 1
75193 1 1 1 1 1 1
76021 0 0 0 0 0 0
75192 0 0 1 0 0 0
76699 0 1 1 1 0 1
75914 0 0 0 0 0 0
74608 1 0 1 1 1 1
75159 1 1 1 0 1 1
74611 1 0 1 0 1 1
75973 0 0 1 0 1 0
71607 1 1 1 1 1 1
65211 1 1 0 0 0 1
76384 0 0 1 1 1 0
76652 1 0 1 1 1 1
57908 1 1 1 1 1 1
76313 0 1 1 0 1 1
65230 1 1 0 0 1 1
76050 0 0 0 0 1 1
75781 0 1 1 0 0 0
