65037 1 1 1 1 1 1
72795 1 1 1 1 0 1
61983 0 1 0 1 0 1
62451 1 1 1 0 1 0
52644 1 1 1 1 1 1
74021 0 0 1 1 1 0
62715 0 0 1 0 0 0
64684 1 1 1 1 1 0
55854 1 1 0 1 1 1
73318 1 1 1 1 1 1
73334 1 0 1 1 0 1
61865 0 0 1 0 0 1
52075 0 1 1 1 0 1
61631 0 1 1 0 1 1
53331 1 1 0 1 1 0
52067 0 0 1 0 1 0
53457 1 0 1 0 0 1
60489 1 1 1 1 1 1
70907 0 0 0 0 0 1
71024 0 1 1 1 0 0
55823 0 0 1 1 0 1
73992 1 0 0 1 1 1
74402 1 1 1 1 1 0
62049 1 1 1 1 1 1
66310 0 0 0 0 1 0
53395 0 1 1 1 1 1
62048 1 1 1 1 1 1
55131 1 1 1 1 1 1
52042 1 1 1 1 1 0
53386 0 0 0 1 1 0
62681 0 0 0 0 0 0
53402 1 1 1 1 1 1
74294 1 1 1 1 1 0
62018 1 0 0 1 1 0
52050 1 1 1 1 1 1
66320 0 0 0 0 0 1
52033 1 1 1 1 1 0
53228 0 0 1 0 1 0
53187 1 0 1 1 1 0
70234 1 0 1 1 1 0
72418 0 0 0 0 1 0
53103 1 1 1 1 1 1
52638 0 1 0 1 0 1
70947 1 1 1 1 1 1
53230 0 1 1 0 0 1
61608 0 1 1 1 1 1
70260 1 0 1 1 0 0
72439 0 0 0 0 1 0
52081 1 0 0 0 0 1
75213 1 1 0 1 1 0
53089 1 0 0 1 1 0
52687 1 1 1 1 1 1
74293 1 1 1 1 1 1
73488 1 0 1 1 1 1
53876 1 1 1 1 0 0
61687 1 1 1 1 1 1
72055 1 0 0 0 1 0
53241 1 0 0 0 1 1
55112 0 1 1 1 1 0
71942 1 1 1 1 0 1
53196 0 0 1 1 1 0
72093 1 0 1 1 0 1
52090 1 1 1 1 1 1
71987 1 1 1 1 1 0
74511 1 1 1 1 1 1
53113 1 1 1 1 1 0
52085 0 1 0 0 1 0
72060 1 1 1 0 0 0
54639 1 1 1 1 1 1
56958 0 0 0 0 0 0
62598 0 0 1 0 1 0
62023 0 0 0 0 1 0
72548 1 0 0 0 0 0
52672 0 1 0 1 1 1
70301 0 0 0 0 1 0
72613 0 0 1 1 1 1
53412 1 1 1 1 1 1
70954 1 1 1 1 0 1
62689 1 1 1 1 1 1
73350 1 1 1 1 1 1
73668 1 1 1 1 1 1
75367 0 1 1 1 0 0
74336 0 0 1 0 1 0
55132 1 1 1 1 1 1
52657 1 1 1 1 1 1
53199 1 0 1 1 1 0
74764 1 1 1 1 0 1
73467 1 1 1 1 1 1
62052 1 1 0 1 1 1
53420 0 1 1 1 1 0
70306 1 1 1 1 1 1
62732 0 0 1 1 1 1
79178 1 0 1 1 1 1
52641 1 1 1 0 1 0
74747 1 1 1 1 1 0
72419 0 0 0 1 0 0
62718 1 1 1 1 1 0
61981 1 1 1 1 1 1
59700 1 1 1 1 1 1
70236 0 0 1 0 0 0
52667 0 1 0 1 1 0
53391 1 0 1 1 1 0
74763 1 1 1 1 1 0
52082 0 0 0 0 1 0
70951 0 1 1 1 1 1
75442 1 1 1 1 1 0
70987 1 0 1 0 1 1
54343 1 1 1 1 1 1
62060 1 0 0 0 1 0
71007 1 0 0 0 1 1
70317 1 1 1 1 1 1
70249 0 1 1 1 1 1
78304 1 0 1 1 1 1
70256 0 0 1 1 1 0
70272 0 1 1 0 0 0
53454 1 1 1 1 1 1
61974 0 1 1 1 1 1
71625 1 0 0 0 1 1
51822 1 1 1 1 1 1
70908 0 0 1 1 1 1
52649 1 1 0 1 1 1
62010 1 1 1 0 1 1
75372 1 1 1 1 1 1
53086 0 0 0 0 0 0
78291 1 0 1 0 1 1
74408 1 1 1 1 1 0
52068 0 0 0 0 1 0
62729 1 1 1 1 1 1
53225 0 1 0 0 0 0
53373 1 1 1 1 1 0
66298 1 1 0 1 1 1
79211 1 1 1 0 1 1
53670 1 1 1 0 1 1
53423 1 0 1 1 1 1
62074 1 1 1 0 1 1
53645 0 0 1 0 0 0
74786 1 1 1 1 1 1
70953 0 1 1 1 1 1
71013 1 1 1 0 0 1
57626 0 0 1 0 1 0
70248 1 1 1 1 1 1
66311 1 1 1 1 1 1
74711 1 1 1 1 1 0
53077 0 0 0 0 1 0
74617 1 1 1 1 1 1
70343 0 0 0 0 1 1
70995 0 1 0 0 1 0
70297 1 1 1 1 1 0
74353 1 0 1 0 0 0
72796 1 0 1 1 1 0
72867 1 0 1 1 1 1
72524 0 0 0 0 0 0
52018 0 1 0 0 1 0
81261 1 1 1 0 0 1
78234 0 0 0 0 1 1
75210 1 0 1 1 1 0
55196 1 1 1 1 1 1
70263 1 1 1 1 1 1
54830 0 1 1 0 1 1
53678 0 1 0 0 0 1
71005 1 1 1 1 0 0
55120 1 1 0 0 0 0
62011 1 1 1 1 1 1
74401 1 0 0 1 1 1
74361 0 0 1 0 0 1
53400 1 1 1 1 1 0
73335 1 1 1 1 1 1
74018 0 1 1 1 0 1
74322 1 1 1 1 1 1
70938 1 0 0 0 0 0
61867 0 1 1 0 0 1
74971 0 0 1 0 0 0
61765 0 0 0 0 0 0
52675 0 1 0 1 1 0
53195 1 1 1 1 1 1
55840 1 1 1 1 1 1
57050 0 1 1 0 1 0
78223 1 1 1 1 1 1
73303 1 1 1 0 1 1
70369 1 0 0 0 1 0
54030 1 1 1 1 1 1
71014 0 1 1 1 1 0
70314 1 1 1 1 1 0
52733 1 0 0 0 0 0
55792 0 0 0 0 1 0
53389 1 0 1 1 1 1
73312 0 0 1 1 1 1
74397 0 1 1 1 1 1
62511 0 1 0 0 1 0
53409 1 1 1 1 1 1
75368 1 0 1 1 1 0
74434 1 0 0 1 0 0
62055 1 1 1 1 1 1
61678 1 1 1 1 1 1
66340 1 1 1 1 1 1
75365 1 1 1 1 1 1
53394 1 1 1 1 1 1
62005 0 1 1 1 1 1
53529 0 1 1 0 1 1
53227 0 1 1 1 0 1
62064 1 1 1 1 1 1
62073 1 1 1 1 1 1
61882 0 1 1 0 1 1
72876 1 0 0 0 0 0
70351 0 1 1 1 0 0
53383 1 1 0 0 1 1
52643 1 1 1 1 0 0
66299 0 1 1 0 0 0
66312 0 1 1 1 1 1
73362 1 0 1 1 1 0
71944 1 1 1 1 0 1
53384 0 1 1 0 0 0
62688 1 1 1 1 0 0
74615 1 1 1 1 1 0
74616 1 1 1 1 1 1
73469 1 0 1 0 0 1
55124 0 1 0 1 1 0
53332 1 1 1 1 0 1
61689 1 1 1 1 1 1
64652 0 0 0 0 1 0
62099 1 0 0 1 1 1
72866 0 1 1 1 1 0
78434 1 0 0 1 0 0
70989 0 1 1 1 1 1
53194 1 1 1 1 1 1
72914 1 1 1 1 1 1
70319 1 1 1 1 1 1
70981 1 0 1 0 1 0
74737 1 1 1 1 1 1
70472 0 1 1 1 0 0
61975 1 1 1 1 1 1
71026 1 1 1 1 0 1
57048 1 1 0 1 1 1
70977 0 1 0 1 0 0
62326 1 1 1 1 1 1
52842 0 0 1 0 0 1
78467 1 1 1 1 1 1
55824 0 1 1 1 1 0
62017 1 1 1 1 1 0
61982 0 1 1 0 0 0
71028 1 0 1 1 1 0
75366 1 1 1 0 0 1
73336 1 1 1 1 1 1
66313 0 1 1 1 1 0
52106 1 1 1 1 1 1
70902 1 1 1 1 1 1
73307 1 1 1 1 1 1
78263 1 1 1 1 0 1
70368 1 1 0 0 1 1
52659 1 0 1 1 1 1
52070 0 1 0 1 1 0
73344 1 1 1 1 1 1
53419 1 1 1 1 1 1
70315 1 0 1 1 1 1
62879 0 0 0 0 1 0
66341 1 1 0 1 1 1
53401 1 1 1 1 1 1
84449 1 1 1 1 1 1
62012 1 1 1 1 0 1
55165 1 1 0 1 1 1
74128 1 1 1 1 1 1
52094 0 0 1 0 1 1
53376 1 0 0 0 1 0
67040 0 0 0 0 0 0
53428 1 1 1 1 1 1
75369 0 0 1 0 1 0
78298 1 1 1 1 1 1
73308 1 1 1 0 1 1
62856 0 0 0 0 1 0
55681 0 1 1 0 1 0
66300 1 1 1 1 1 1
56897 1 0 0 1 1 1
73268 1 1 1 1 0 0
61857 1 1 0 0 0 0
70355 0 0 0 0 0 0
53555 1 1 1 1 1 1
52651 1 1 1 1 1 1
62730 0 1 1 1 1 1
61980 1 1 1 1 1 0
62072 1 1 1 1 1 0
53328 0 0 0 0 1 0
62024 1 1 1 1 1 0
73468 1 1 1 1 1 1
62286 0 0 1 0 0 1
71029 0 1 1 1 1 1
73233 0 0 0 1 1 0
62066 0 1 0 0 1 0
74614 1 1 1 1 1 1
73343 1 1 1 1 1 1
70912 0 1 1 1 1 0
53197 1 1 1 1 0 1
62063 0 0 0 1 0 0
72550 0 0 1 0 0 0
74377 1 0 0 1 0 1
64651 1 0 0 0 1 0
70982 0 0 0 0 0 0
61976 0 1 1 1 0 0
62687 1 1 0 0 0 1
61995 1 1 1 1 1 1
72440 1 0 0 0 1 0
76593 0 0 1 1 0 0
71913 0 1 1 0 1 0
61869 0 0 0 0 1 0
70691 0 0 1 1 0 1
78293 1 1 0 1 1 1
71995 1 1 1 1 1 0
84004 1 0 0 1 0 1
74344 1 1 1 1 1 1
70252 1 1 1 1 1 0
70363 0 0 0 0 0 0
53427 1 1 1 1 1 1
78225 0 1 1 1 1 0
53411 0 1 1 1 1 1
70312 1 1 1 1 1 0
53399 1 1 1 0 1 1
62022 1 1 1 1 1 0
56974 1 1 0 1 0 0
71946 1 1 1 0 1 1
70286 1 1 1 1 1 1
78231 1 1 1 1 0 0
53396 1 1 1 1 1 0
70943 1 1 1 1 0 1
53392 1 0 1 1 1 1
61875 1 1 1 1 1 0
71020 1 1 1 1 1 1
71023 0 1 1 1 0 1
53188 1 1 1 1 1 1
74363 1 1 1 1 1 0
53425 1 1 1 1 1 1
74282 1 1 1 1 1 1
55119 0 0 0 0 0 0
73466 1 0 1 1 1 0
53334 1 1 1 0 1 0
72763 1 0 1 1 1 1
74310 1 1 1 1 1 0
64737 1 1 1 1 1 1
53458 1 0 1 1 1 0
73369 1 0 1 1 1 1
70337 1 1 1 1 1 0
73368 1 1 1 1 0 0
71914 1 1 0 1 1 0
62731 1 1 1 1 1 1
75439 0 1 1 1 1 0
73500 1 1 1 1 1 1
53069 1 0 1 1 1 0
61999 0 1 1 1 1 0
66303 1 0 0 1 1 0
57654 0 1 0 1 0 0
62078 0 0 0 0 1 0
62061 0 0 0 0 0 0
53680 1 1 1 1 1 0
62007 1 1 1 1 1 0
72549 1 0 0 0 0 0
52054 1 1 1 1 1 1
53406 1 1 1 1 1 1
79208 0 1 1 1 1 0
78261 1 1 1 1 1 0
61855 1 0 0 0 0 0
70997 0 0 1 1 0 1
61977 1 1 1 1 1 1
73976 1 1 1 1 1 1
62717 1 0 0 1 1 0
53414 0 1 1 1 1 1
74823 0 1 1 1 1 0
62710 1 1 1 1 1 1
53523 0 0 0 0 1 0
73327 1 1 0 0 0 0
52058 1 1 1 1 1 1
53461 1 1 1 1 0 1
62008 1 1 1 1 1 1
53329 0 1 1 0 0 0
70338 1 1 1 1 1 1
62019 1 0 1 0 1 1
70347 1 1 1 1 0 1
75548 1 1 0 0 1 0
65002 1 0 0 0 1 1
62402 1 1 1 1 1 1
61907 0 1 1 0 1 1
52051 1 0 1 0 1 1
71984 0 1 1 1 1 1
74321 1 1 1 1 1 1
55123 0 0 0 0 1 1
62683 1 0 0 1 1 1
52639 0 1 1 0 1 1
62015 1 1 0 0 1 1
66306 1 0 1 1 1 1
61614 1 1 1 1 1 1
53222 1 1 1 1 0 0
62013 0 0 0 0 0 0
62009 0 0 1 0 0 0
53746 1 0 0 0 1 1
58463 1 1 1 1 1 1
55771 1 1 1 1 1 1
53180 1 1 1 0 1 1
53426 1 1 1 1 1 1
72507 0 0 1 1 0 0
66349 1 0 0 1 1 0
62711 1 1 0 1 1 1
62691 0 1 1 1 1 1
62690 1 1 1 1 1 0
55134 1 1 1 1 1 1
53108 0 0 1 0 0 1
62028 1 1 1 1 1 0
73319 1 1 1 1 1 1
70913 1 1 1 1 1 1
83451 1 1 1 1 1 0
74308 1 1 1 0 1 1
53379 0 0 1 0 0 0
79317 1 1 0 1 0 0
70323 1 0 1 0 1 0
66302 0 1 1 0 1 1
53518 0 0 0 0 0 0
72553 0 0 1 0 1 0
52623 1 1 1 1 0 1
53424 1 1 1 1 1 1
53652 0 0 0 0 0 1
54024 1 0 0 0 0 0
61868 0 1 1 1 1 1
53398 0 0 1 1 0 0
71015 0 0 0 1 0 0
53415 1 1 1 1 1 0
62071 1 1 0 1 1 0
53463 0 0 1 0 0 0
73320 0 1 1 0 0 1
73325 1 1 1 1 1 0
71916 0 0 1 0 0 0
70944 1 1 0 1 1 1
72518 0 0 0 0 0 0
52053 1 1 0 0 1 0
53410 1 1 1 1 0 0
70336 1 1 1 1 1 1
79326 1 0 0 1 0 1
62716 1 1 0 1 0 1
53183 0 1 1 1 1 1
77725 1 1 0 1 1 1
71022 1 0 1 0 1 1
53252 1 1 1 1 1 1
53217 1 1 1 1 1 0
53459 1 1 1 1 1 0
52653 1 1 1 0 1 0
53388 1 0 1 1 1 1
70919 1 1 1 1 1 1
53649 1 0 0 0 1 0
74749 1 1 1 1 0 0
55856 1 1 1 1 1 1
70939 0 1 1 1 1 1
74302 0 0 0 0 0 0
74325 0 1 0 0 1 0
74298 1 1 1 1 1 1
70313 0 1 1 1 1 1
75370 0 0 0 0 1 0
53317 1 1 1 1 1 1
52646 1 1 1 1 1 1
81499 1 1 0 1 1 1
74783 0 1 1 1 1 1
52057 1 1 1 1 0 1
74612 0 1 1 1 1 1
71979 1 1 1 1 1 0
52645 1 1 0 1 1 1
53407 1 1 1 1 1 1
70950 0 0 0 0 0 1
52088 1 1 1 1 0 1
61987 1 1 1 1 1 1
75239 1 1 1 1 1 1
56553 1 1 1 1 1 1
53413 1 1 1 1 1 0
70918 0 1 1 1 0 1
76653 1 1 0 0 1 1
74356 1 1 1 1 1 0
52102 1 1 1 0 0 0
65033 1 1 1 1 1 1
78438 1 0 0 1 0 1
55203 1 0 0 1 1 0
53669 0 0 0 0 1 0
71006 1 0 1 0 0 0
52456 1 0 1 1 0 1
62025 1 0 1 1 1 1
71017 0 1 0 1 1 1
72552 0 1 1 0 1 0
53336 0 1 0 1 1 0
71992 1 1 1 0 1 1
53416 1 1 1 1 1 0
62051 1 1 1 0 1 1
53181 1 1 0 1 1 0
58702 1 0 1 0 1 1
74306 1 1 1 1 1 0
52655 1 0 1 0 1 1
53333 1 0 1 0 1 1
61629 1 1 1 1 1 1
52463 1 1 1 1 0 1
62708 1 1 0 0 1 1
81539 0 0 0 0 1 1
70429 0 0 0 1 0 0
71018 0 0 1 1 1 1
61988 1 1 1 1 1 1
65359 1 1 0 0 0 0
53455 0 1 1 0 1 1
70271 0 0 0 0 1 1
67018 0 1 1 0 0 1
61688 1 1 1 1 0 1
53404 1 0 1 1 1 1
53369 0 1 0 1 1 0
53190 1 1 1 1 1 1
62684 1 1 1 1 0 1
52080 1 0 1 0 1 1
53380 0 0 0 1 1 0
84086 1 0 1 0 0 0
53084 1 0 0 0 0 1
70259 0 0 0 1 1 0
62878 1 1 1 0 1 1
52647 1 0 0 1 1 0
62077 0 1 1 1 1 0
53101 1 0 0 0 1 0
74328 1 1 1 0 1 1
53223 0 0 1 1 1 1
78300 1 1 1 1 1 1
74613 1 1 1 1 1 1
61997 0 1 1 0 1 0
62734 1 1 1 1 1 1
62709 1 1 1 1 0 0
75437 1 1 1 1 0 0
62210 0 0 0 0 1 0
73978 1 1 1 0 1 1
66342 0 1 1 0 1 0
70999 0 0 0 0 0 1
52060 0 0 0 0 1 1
61878 1 1 1 1 1 1
71001 0 1 0 0 1 0
73363 0 1 1 1 1 1
70262 1 1 1 1 1 1
74741 1 1 1 1 1 1
70382 0 0 1 0 0 0
71030 1 1 1 0 0 1
55832 1 1 1 1 1 1
53493 1 1 1 1 1 1
73487 0 0 0 0 0 0
53390 0 0 1 1 1 1
71978 1 1 1 1 1 1
52069 1 1 1 1 1 1
62054 1 1 1 0 1 0
72091 1 0 1 0 1 1
53202 1 1 1 1 1 1
53232 1 0 0 1 0 1
53462 1 1 1 1 1 1
77781 1 0 0 0 1 0
70917 1 0 1 1 1 0
70909 1 0 0 0 0 1
62713 1 1 1 1 1 0
79812 1 1 1 1 1 1
74371 0 1 1 1 1 1
78221 1 0 1 1 1 1
53671 1 0 1 0 0 0
52640 1 1 1 1 1 1
54904 1 1 1 1 1 1
61979 1 1 1 1 1 1
53393 0 1 1 1 1 1
74800 1 1 1 1 1 1
66345 1 1 1 0 1 1
70940 1 1 1 1 1 0
73993 1 0 0 0 1 0
53102 0 1 0 1 0 0
71025 1 1 1 0 1 1
53126 1 1 1 0 1 0
61861 0 1 1 1 1 1
75377 0 0 1 1 0 0
62707 0 1 0 1 1 1
53186 1 1 1 1 0 0
62230 1 1 0 0 1 1
53417 1 1 1 1 1 1
62469 1 1 1 0 1 1
71019 0 1 1 1 1 1
73330 1 1 1 1 1 1
52083 0 0 1 1 1 0
55130 1 1 0 1 1 0
73324 1 1 1 1 1 1
73333 1 0 1 1 1 1
58461 1 0 1 0 1 1
78299 0 1 1 1 1 0
70251 1 1 0 1 1 0
53117 0 0 1 1 0 0
70955 0 1 0 1 1 0
66314 1 1 1 1 1 1
74611 0 1 1 1 1 0
73349 0 0 1 0 1 1
52665 1 0 0 0 1 1
62714 0 1 1 1 1 0
62027 0 0 1 1 1 0
53405 0 1 1 1 1 1
53091 0 0 0 0 0 1
71021 1 1 1 1 1 1
53189 1 1 1 1 1 1
58464 1 1 1 1 1 0
78230 1 1 1 1 1 0
53654 0 0 0 0 1 0
76802 0 1 1 1 1 1
73331 1 1 1 1 1 0
74320 1 1 1 1 1 1
70284 1 1 1 1 0 0
52078 0 0 1 0 0 0
71031 1 1 1 1 1 0
53681 0 1 1 0 0 0
52091 1 1 0 0 1 0
53546 1 0 1 0 1 0
55834 0 1 0 0 0 0
66304 1 0 1 0 1 1
52059 1 0 1 0 1 0
70299 1 1 1 0 1 1
72417 0 0 0 0 0 0
70946 1 0 1 1 0 0
61763 0 0 1 0 0 0
63851 0 1 1 1 1 1
70302 0 1 1 1 1 1
70948 0 1 1 0 1 1
69763 1 1 1 0 1 1
52633 0 0 0 0 0 0
52648 1 1 1 1 1 1
74327 1 0 0 1 0 0
62053 1 0 1 1 1 0
53677 0 0 1 0 0 1
53565 1 1 1 1 1 0
53535 1 1 1 0 1 0
61989 1 1 1 1 1 1
71951 0 0 1 1 1 1
70266 1 1 0 1 1 1
73371 0 0 0 1 1 0
66308 1 1 1 1 1 1
