76316 0 0 1 1 1 1
76310 1 0 0 0 1 0
62470 1 1 1 1 1 1
75953 1 0 0 0 0 0
75347 0 0 0 0 0 1
76643 1 1 1 1 1 1
75860 1 1 1 1 1 1
75991 0 0 1 0 0 0
75189 0 0 0 0 1 0
72121 1 1 1 1 1 1
75959 1 1 0 1 0 0
75213 1 0 0 1 0 1
75862 1 0 0 1 0 1
76320 1 0 1 1 0 0
76015 0 0 0 0 0 0
55814 1 0 1 1 1 1
75919 1 1 1 1 1 1
75912 1 1 1 1 1 1
66039 0 0 0 1 0 0
58863 1 1 0 0 1 1
76027 0 0 0 0 0 0
55809 1 1 1 1 1 0
76010 0 0 0 1 1 1
61773 1 0 0 0 0 1
75968 0 0 0 1 0 1
75346 0 1 1 1 0 1
76639 0 0 0 0 1 0
75242 1 0 1 0 1 1
76416 1 0 0 1 0 0
76609 1 1 1 1 0 1
75989 1 1 1 1 1 1
75997 0 0 0 0 0 0
76163 1 0 1 1 1 1
75930 1 0 1 0 1 0
74786 1 1 1 1 1 1
76054 1 0 1 1 1 1
64712 0 1 0 0 0 0
74707 0 1 1 1 0 0
74796 1 1 1 1 1 1
76595 1 1 1 1 1 0
76394 0 0 0 0 0 0
57903 1 0 1 1 1 1
75861 0 1 1 1 0 1
76181 0 0 0 0 0 0
76020 0 0 1 0 0 0
55803 1 1 0 1 1 1
76017 1 0 0 0 0 1
75224 1 1 0 0 1 0
55816 1 1 1 1 0 0
76324 0 0 0 1 0 1
76179 1 1 1 1 1 1
76012 0 0 0 0 0 0
64615 0 0 0 0 0 0
76607 1 1 1 1 1 1
76026 0 0 0 0 0 0
76208 0 0 0 0 0 0
76018 0 0 0 0 0 1
76644 1 0 1 1 1 0
75970 1 1 0 0 0 0
75934 0 0 0 0 0 0
76060 1 1 1 0 1 1
74614 1 1 1 1 1 1
76603 0 1 1 1 1 1
74804 1 1 1 1 1 0
75979 0 1 1 1 1 0
76605 1 1 0 0 1 0
75904 0 0 0 0 0 1
71995 1 1 0 1 1 0
76330 1 1 1 1 1 1
75906 0 1 0 0 0 0
75992 0 0 0 0 0 1
76422 0 1 1 0 1 1
75191 0 1 0 0 0 0
71609 1 1 1 0 1 1
75859 1 1 1 1 1 1
74766 0 1 1 1 1 1
75924 0 1 1 1 1 1
75910 1 1 0 1 1 0
75944 0 0 0 0 0 0
75878 1 0 0 0 0 0
74950 1 0 1 1 1 1
57909 0 1 1 1 1 1
75161 1 1 1 0 1 1
64602 0 0 1 1 0 1
74792 0 1 1 1 1 0
76045 1 1 1 1 1 1
76038 0 0 0 0 0 0
76209 0 0 1 0 0 0
76318 1 1 1 1 1 1
75190 0 0 1 1 1 0
76167 0 0 0 0 1 0
76044 1 1 1 1 1 1
75917 1 1 1 0 1 1
76315 1 0 1 1 1 1
76613 1 1 1 1 1 1
76214 0 0 0 0 0 0
75160 1 0 1 1 1 1
76152 0 0 1 1 0 0
65209 0 1 0 0 1 0
74543 1 0 0 1 1 0
76650 1 1 1 1 0 1
75877 0 0 0 0 0 0
65033 1 0 1 1 1 1
76240 0 1 1 0 0 0
76312 0 0 0 1 0 1
58858 1 1 0 1 0 1
55808 1 1 0 1 1 1
69314 1 0 0 0 0 1
65186 0 0 0 1 0 0
75192 0 0 0 0 1 0
75290 1 1 1 1 1 1
75963 0 0 0 0 0 0
74608 0 1 1 1 1 0
80346 1 1 1 1 1 1
74611 1 1 0 1 1 1
75973 1 0 0 0 1 0
65211 1 1 1 0 0 0
75939 0 1 1 0 0 1
64690 0 1 1 0 0 1
76046 1 0 1 0 0 0
57908 1 1 1 1 1 1
76313 1 0 1 1 1 1
65230 0 0 1 1 1 1
75781 0 1 0 0 0 0
75894 0 1 1 1 0 0
