72354 0 1 1 0 1 1
77860 1 0 1 1 0 1
64535 0 1 0 0 0 1
71207 0 1 1 1 1 1
84058 1 1 1 1 1 1
71546 1 1 0 1 1 0
80121 1 0 1 1 1 1
80134 1 1 1 1 1 1
84007 0 0 1 0 0 1
77759 1 1 1 1 1 0
71530 1 1 1 1 1 1
71537 1 1 1 0 1 0
76643 0 0 0 1 1 1
83997 0 1 0 0 0 0
71610 1 1 1 1 1 1
84001 0 0 1 0 0 0
72121 1 1 1 1 1 1
78887 1 1 1 1 1 1
71548 1 1 1 1 1 1
84020 1 1 1 0 1 0
75862 1 1 0 1 1 0
76033 1 1 0 1 1 1
71235 1 1 0 0 1 0
71613 1 0 1 1 1 1
83784 1 0 0 0 0 0
77931 1 1 1 1 1 1
80343 1 1 1 1 1 1
80109 1 1 1 1 1 1
84006 1 0 0 0 0 1
83996 0 1 1 0 1 1
84017 1 1 1 1 1 0
80114 1 1 1 1 0 1
80341 0 0 1 1 1 1
71188 1 0 1 1 1 1
84000 1 1 1 1 1 1
76639 1 0 1 0 1 0
75242 1 1 1 1 1 1
75442 1 1 1 0 1 1
76609 0 0 0 0 0 0
83525 1 1 1 1 1 1
84731 1 0 0 0 1 0
71545 1 1 1 1 1 0
71180 1 1 0 1 1 1
77912 0 1 1 1 1 0
71606 1 1 1 1 1 0
71611 1 0 1 0 1 1
75372 0 0 0 1 0 1
84482 0 0 0 0 0 0
71600 1 1 1 1 0 1
75435 1 1 1 1 1 0
71547 1 1 1 1 1 1
74786 1 1 0 1 1 1
83723 0 0 1 0 1 1
64550 0 0 1 1 1 1
83716 0 0 1 0 1 0
71616 1 1 1 1 1 1
75209 1 0 0 0 0 0
72353 1 1 0 0 1 1
74707 1 1 0 1 0 1
71612 1 1 1 1 1 1
80342 1 1 1 1 1 1
83979 0 0 0 0 0 0
80123 0 1 1 1 1 1
71544 1 1 1 1 1 1
71618 1 1 1 1 1 1
77829 1 1 0 1 1 1
83985 0 0 0 0 1 1
71528 1 1 1 1 1 1
83585 0 0 0 0 0 0
71602 1 0 1 1 0 1
77683 0 1 1 0 0 1
71598 1 0 0 1 1 1
83995 1 0 0 1 1 0
77761 1 1 1 1 1 1
75368 1 1 1 1 1 1
75224 1 0 0 1 1 1
78059 0 1 0 1 1 1
75453 0 0 1 1 0 1
71617 1 1 1 1 1 1
75365 1 1 1 1 1 1
77785 1 1 1 1 1 1
77770 1 1 1 1 1 1
80339 1 1 1 1 1 1
71146 1 1 1 1 0 1
84022 1 1 1 1 1 1
77738 1 0 1 1 0 1
71532 0 1 1 1 1 1
75753 1 0 1 1 0 0
83987 1 0 0 0 1 0
84002 0 0 0 0 0 1
71601 1 1 1 1 1 1
71208 1 1 1 1 0 1
71529 1 1 0 1 1 1
84606 0 0 0 0 1 1
83994 1 1 0 1 1 1
58033 1 0 0 0 1 0
83710 0 0 0 0 0 0
76607 0 0 1 1 1 1
84225 1 1 0 1 0 0
83783 1 0 0 0 0 0
75364 1 1 1 1 1 1
83984 1 0 1 0 0 1
76070 1 1 1 1 1 1
84008 0 0 1 0 0 0
71533 1 1 1 1 1 1
62442 0 1 0 1 1 1
84207 0 0 0 0 0 0
80117 0 1 1 1 1 1
84009 0 0 0 1 0 0
75433 1 1 1 0 1 1
74614 0 1 1 1 1 1
83766 1 0 0 0 0 0
80338 1 1 1 1 0 1
77905 1 0 1 1 1 1
80345 1 0 1 0 1 1
71538 0 1 1 1 1 1
83771 1 1 0 0 1 1
77731 1 1 1 1 1 1
75865 1 1 1 1 0 1
71614 1 1 1 0 0 1
71599 1 1 1 1 1 1
73591 1 1 1 1 1 1
80110 1 0 0 0 0 0
80119 0 0 1 0 1 1
80398 0 1 1 0 0 1
71609 1 1 0 1 1 0
61777 1 1 1 1 1 1
83993 1 0 0 0 0 0
80130 1 1 1 1 1 1
84025 1 0 0 0 0 0
77763 1 1 1 1 1 1
83980 0 1 0 1 0 1
77717 1 1 1 1 0 1
84480 0 0 0 0 1 1
83765 0 0 0 0 0 0
80124 1 1 1 1 1 1
74792 1 1 1 1 1 1
83717 0 0 0 1 0 0
83990 0 0 1 0 1 1
83589 0 0 0 0 0 0
71539 1 1 1 1 1 1
71604 1 1 1 0 0 1
84726 0 0 0 0 0 0
84971 1 0 1 1 0 0
83757 0 1 1 0 0 0
80139 1 1 1 1 1 1
71603 1 1 1 1 1 1
76528 1 1 1 1 0 1
71605 0 1 1 1 1 1
76613 1 1 1 1 1 1
80111 1 1 1 1 1 1
71542 1 0 1 1 1 1
83981 1 1 0 1 0 0
71608 0 1 1 1 1 1
78882 1 0 1 1 1 1
84233 0 0 0 0 0 0
75370 1 1 1 0 1 1
71697 1 1 1 1 1 1
76650 1 1 1 1 0 1
80132 1 1 1 1 1 1
76641 1 1 0 1 1 1
83986 0 1 0 0 1 1
77729 0 0 0 0 0 0
64531 1 1 1 1 1 1
65033 0 0 1 1 0 1
83999 0 0 1 1 1 1
73299 1 0 1 1 0 1
76589 1 1 1 1 1 0
84013 1 1 1 0 0 0
77757 1 1 1 1 1 0
83988 1 1 0 1 0 1
80347 1 1 0 1 1 1
71203 0 1 1 1 1 1
80115 1 1 1 0 1 1
77743 1 1 1 0 1 0
76640 0 1 1 1 0 1
84010 0 0 0 0 0 0
71535 1 1 1 1 1 1
71541 1 1 1 1 1 1
84516 1 1 0 0 0 1
83522 1 0 1 1 1 1
74227 1 1 1 1 0 0
77938 1 1 1 0 1 1
74741 0 1 0 1 1 1
83820 0 0 0 0 0 0
84048 1 1 1 0 1 0
76648 1 1 1 1 1 0
77787 0 0 0 1 1 0
71534 1 1 1 1 1 1
80135 1 1 1 1 1 1
75444 1 0 1 0 0 0
77788 1 1 1 0 1 1
75377 1 1 1 1 1 1
84018 1 1 1 1 1 1
71151 1 1 1 0 0 1
83998 0 0 0 0 1 0
74608 1 0 1 0 1 1
84515 1 0 0 1 1 0
76851 1 1 0 1 1 1
71536 0 1 0 0 0 1
80346 1 1 1 1 1 1
71607 1 1 1 1 1 1
71540 1 0 1 0 0 0
83714 0 1 1 0 0 0
77751 1 1 1 1 0 1
80125 1 0 1 1 1 1
78891 1 1 1 1 1 1
76177 0 0 1 0 0 0
85207 1 1 0 1 0 1
57908 1 1 1 1 0 1
80340 0 1 0 1 1 1
84021 1 0 1 0 1 0
