53815 1 1 0 1 0 1
53612 0 1 1 1 0 0
65037 1 1 1 1 1 1
52488 1 1 1 1 1 0
53757 1 0 1 0 0 0
52461 1 1 1 1 0 0
52644 1 0 0 0 0 0
56514 1 1 0 1 1 1
62715 0 0 0 0 0 0
55854 0 1 1 0 0 1
70273 1 0 0 0 0 0
53614 0 0 1 1 0 0
53776 1 1 1 1 0 0
53644 0 1 1 1 0 0
61631 1 1 1 1 0 1
61762 0 0 1 0 0 0
74402 0 1 0 1 1 1
53787 1 0 0 1 0 1
53679 1 0 0 0 1 1
53676 0 0 1 0 0 1
53764 1 1 1 1 1 1
66310 1 1 0 0 1 0
52042 1 0 1 1 0 0
53756 1 1 1 1 1 0
53960 0 1 1 1 1 1
54311 1 1 0 1 1 1
52033 1 1 0 1 0 0
62095 1 1 1 1 0 1
52618 1 0 0 0 1 0
60040 1 1 1 0 1 1
71994 1 1 0 1 0 1
70282 0 0 0 0 0 1
61608 1 0 1 1 1 0
52504 1 0 1 1 0 0
72121 1 1 1 0 0 1
52499 0 1 1 0 0 0
52055 1 0 0 1 1 1
73488 1 1 0 1 0 0
53876 0 0 0 0 0 0
61687 0 0 1 1 1 0
56484 1 0 0 1 1 1
53603 0 1 1 1 1 1
56656 1 1 0 1 0 1
55175 1 0 1 0 0 0
53641 0 0 1 1 0 0
66352 0 1 1 1 0 1
54440 0 1 1 0 1 0
62057 1 1 0 0 0 0
54639 1 0 0 1 1 0
62278 1 1 1 1 0 1
62023 0 0 0 0 0 0
53961 1 1 0 1 0 0
52672 1 1 1 1 0 1
53794 1 1 1 1 1 0
53750 0 0 0 0 0 0
54018 1 0 1 0 1 1
62689 1 1 1 1 1 1
56388 0 0 1 0 0 0
54297 1 1 1 1 0 1
73350 1 0 1 1 1 1
73668 0 1 1 0 1 1
56466 0 1 1 1 1 0
71948 1 1 1 1 1 1
52657 1 0 1 0 1 0
52487 1 1 0 1 0 1
53755 1 0 1 1 1 0
53812 1 0 0 1 0 0
70293 0 0 1 1 1 1
62732 0 0 1 1 1 1
53604 1 0 0 1 1 1
73358 0 1 1 0 1 1
52641 1 0 0 1 0 0
72123 1 0 1 1 1 1
54310 1 0 1 0 1 1
52464 0 0 0 1 1 0
59700 1 1 1 0 1 1
52667 0 1 0 1 1 0
53799 0 1 1 1 1 1
74763 1 1 1 1 1 1
62340 1 1 1 1 1 1
54343 1 0 1 1 0 1
72116 1 1 1 0 0 1
55185 1 1 0 1 0 0
53763 0 0 1 0 0 0
53980 0 0 1 0 0 1
70317 0 1 1 1 0 1
70249 0 0 1 1 1 1
53621 1 1 1 1 1 1
53887 0 0 0 0 0 0
61974 1 0 1 0 0 1
52492 1 1 0 0 0 1
62010 1 1 1 1 1 1
53894 0 1 1 1 1 1
62729 1 1 1 1 1 0
61879 0 0 0 0 0 0
53403 0 0 0 0 0 0
64510 0 1 0 0 0 0
73370 1 1 1 1 1 1
66298 1 1 1 1 0 1
53670 0 0 1 0 0 0
53645 0 0 0 0 1 1
54831 1 1 0 1 0 1
53656 0 0 0 0 0 1
53800 0 0 0 0 1 1
56748 0 0 0 0 0 0
53975 0 1 1 1 1 1
74617 1 1 0 1 0 0
70297 0 1 1 1 0 1
53880 1 1 1 0 0 0
53567 1 1 0 1 0 0
52486 1 0 1 1 1 1
70300 1 1 1 0 1 1
52668 1 1 1 1 1 1
53891 0 0 1 1 0 0
59930 0 1 1 1 1 0
53798 1 1 1 0 1 1
52105 0 0 1 1 1 1
52502 1 0 0 1 0 1
70263 1 1 1 1 0 1
53600 0 0 0 1 0 1
54830 0 0 1 1 0 0
53678 1 1 1 1 0 0
53885 1 0 1 0 0 0
62011 1 0 1 0 0 0
73356 0 0 1 0 0 1
53571 1 0 1 1 1 1
62167 0 0 1 0 0 0
53771 0 1 1 1 1 0
61972 0 1 1 0 1 0
67019 0 0 1 0 0 1
53958 1 1 0 1 1 0
74971 0 0 0 0 0 0
67039 0 1 0 0 0 1
55176 0 0 1 1 1 1
72829 0 1 0 1 0 0
62441 1 1 1 1 1 1
54010 0 1 1 1 0 1
52061 0 1 0 0 0 0
53568 1 1 1 0 1 1
53816 0 0 0 1 0 1
57894 1 0 0 1 0 0
53788 0 0 1 1 0 0
73303 1 0 0 1 1 1
54030 0 0 0 1 1 1
52040 1 0 1 0 0 0
53715 1 0 0 0 0 0
54342 1 0 1 1 0 1
61764 0 0 1 0 0 0
55792 1 0 0 0 0 0
54009 0 0 1 0 0 0
53619 1 1 1 1 0 1
53605 0 0 1 0 1 0
55190 1 1 1 0 0 1
79578 0 0 0 0 1 1
79414 1 0 0 0 0 1
52451 1 0 1 1 1 0
53602 0 0 0 0 0 0
53792 1 0 0 1 1 1
70287 0 0 0 1 0 0
52495 1 1 1 1 1 1
61678 1 1 1 1 1 1
74309 0 1 0 1 1 1
62005 0 1 1 0 0 0
53529 1 1 0 1 1 1
66301 0 1 0 1 0 1
71146 1 1 0 0 0 1
53767 1 0 0 1 1 0
53721 0 0 1 1 0 0
52453 1 0 1 1 1 1
53821 0 0 0 1 0 1
53556 0 1 1 0 1 1
74784 0 1 1 1 1 1
53976 0 1 1 1 0 0
74508 1 1 1 0 0 1
74615 0 1 1 1 1 1
74616 1 1 1 1 1 1
53899 1 0 1 1 1 1
76602 1 1 1 1 1 1
70319 0 1 1 1 1 0
74373 0 0 1 1 0 1
53613 0 0 1 0 0 1
81461 1 0 1 0 1 1
52497 1 1 1 0 1 1
61975 1 1 0 1 0 1
79581 0 1 0 1 0 0
57048 0 1 0 0 0 1
53963 0 0 1 0 0 0
61588 1 0 0 0 1 0
53993 1 0 1 0 1 0
52285 1 1 1 0 0 1
52452 1 1 1 1 1 0
53564 0 0 1 1 1 0
53753 0 0 1 1 1 0
52498 0 1 1 1 0 1
53817 1 1 0 0 1 1
74017 0 0 1 1 1 0
62017 0 1 1 1 0 0
52508 1 1 1 0 0 0
53886 1 0 1 1 1 0
53896 1 1 0 1 1 1
53786 1 0 0 0 1 1
52467 1 0 0 0 1 1
84479 1 1 0 0 0 1
52501 1 1 1 0 1 0
56497 0 1 1 1 1 0
55114 0 0 0 0 0 1
52659 0 0 0 1 1 1
53761 0 0 1 1 0 0
70328 0 0 0 0 0 0
53673 0 0 1 1 1 1
53814 0 1 0 1 0 0
53714 0 0 1 1 1 1
79588 0 0 0 0 0 1
53905 0 0 0 0 1 0
79410 0 0 1 1 1 1
79416 0 0 1 1 0 1
61881 1 0 0 1 1 0
52094 0 1 1 0 0 0
79415 0 0 0 0 1 0
53889 1 0 1 1 1 1
54303 1 1 1 1 1 1
64530 0 0 0 1 0 0
52462 0 0 0 1 1 0
54309 1 0 0 1 1 0
70291 1 0 0 1 0 0
75195 1 1 1 1 0 0
55191 1 0 0 1 1 0
52490 1 1 1 1 1 0
53768 1 1 1 0 1 1
73367 1 0 1 1 0 0
62442 1 1 1 1 1 0
61607 1 1 0 0 0 0
53808 0 1 0 1 1 1
72114 1 1 1 1 1 0
53606 0 1 0 1 0 0
54300 1 0 1 1 0 1
53555 1 0 0 1 1 1
62730 0 1 1 0 1 0
61980 1 1 1 1 0 1
70318 1 0 1 1 1 1
71506 1 1 0 1 1 0
62072 1 1 0 1 0 0
55179 1 0 1 1 1 1
73468 0 0 0 1 1 1
62277 1 0 1 1 0 0
75245 0 0 1 1 1 0
54021 0 1 0 0 1 1
53585 1 1 1 1 1 0
62066 1 0 0 0 0 0
54012 1 0 0 1 0 0
74614 1 0 1 1 1 1
61627 0 1 1 1 1 1
53973 0 1 1 1 0 0
53611 0 0 1 0 0 0
55151 0 1 0 1 1 0
62006 1 1 1 1 0 0
53955 1 0 1 1 1 0
53962 1 0 0 0 0 0
54296 0 1 1 1 0 0
52493 1 1 1 1 0 1
76605 1 1 0 1 1 1
61869 1 0 0 1 0 1
52458 1 1 1 1 1 1
61851 0 0 0 1 1 1
52466 1 0 1 1 0 0
71995 1 1 1 0 0 1
70252 1 1 1 1 1 1
53672 0 0 0 0 1 0
53793 0 1 1 1 1 1
53811 1 1 0 1 1 1
53882 0 1 1 1 0 0
71939 0 1 0 1 1 1
55770 1 0 1 0 1 1
62692 0 0 1 0 0 0
53751 1 1 1 0 0 0
56512 0 1 1 1 0 1
56974 0 0 0 1 1 1
53713 1 1 0 1 1 1
71946 0 1 1 0 0 0
79417 0 1 0 0 0 0
70279 1 1 1 1 1 1
53754 1 1 1 1 0 1
66348 1 1 0 1 1 1
70713 0 0 0 0 0 0
72127 1 0 1 1 1 1
60009 0 0 0 1 1 0
75223 0 0 1 1 1 1
53642 0 0 0 0 0 1
52483 1 1 1 1 1 1
72124 1 1 1 1 0 0
70824 0 0 0 0 0 0
73369 1 0 1 1 1 1
53661 1 1 1 1 1 1
62731 1 1 0 0 1 1
53974 1 1 1 1 1 1
54305 1 1 0 1 0 1
61999 1 1 1 1 1 1
52652 1 0 1 1 1 1
62493 1 0 1 1 1 0
53760 1 1 1 1 0 1
62078 1 1 0 0 1 1
53680 1 1 1 0 0 1
54299 0 1 1 1 1 1
53818 0 0 1 0 0 0
53772 0 0 0 0 1 0
55794 1 0 0 0 0 0
61686 1 1 1 0 1 1
52676 1 1 1 1 1 1
53607 0 0 0 0 1 1
53749 1 1 1 0 0 0
57909 1 1 1 0 1 0
74809 1 0 1 1 1 1
62008 0 1 1 1 0 0
53883 1 0 1 1 1 0
74995 0 1 1 1 0 1
62019 1 1 1 0 0 1
53765 1 1 1 0 1 1
51999 1 1 1 1 1 1
53769 0 0 1 1 1 1
62402 1 1 1 1 1 1
61907 1 1 1 1 1 0
71984 1 1 1 1 1 1
74321 1 1 1 1 1 1
62683 1 1 1 1 1 1
53709 1 1 1 0 1 1
70714 1 0 0 0 0 1
54307 0 0 1 1 1 1
54295 0 1 0 1 0 1
53957 1 1 1 1 0 1
53581 0 1 1 1 1 1
62013 0 0 0 0 0 0
71937 1 0 1 1 1 0
53574 0 1 1 1 1 1
53746 0 1 1 0 0 0
53969 0 1 0 1 1 0
53890 1 1 0 0 0 1
55177 0 0 1 1 1 1
61589 1 1 1 0 1 1
66349 0 1 0 0 0 0
52465 0 1 0 1 0 1
62690 1 1 1 1 1 1
52489 1 1 0 1 0 0
53790 0 1 0 1 1 0
62021 1 1 0 0 0 0
62028 0 0 1 1 0 1
53668 1 1 1 1 0 0
53884 1 0 1 0 1 0
70255 1 1 1 1 1 1
61874 1 1 1 1 0 0
72179 1 1 1 1 1 1
53789 1 1 1 1 1 1
70323 1 0 1 0 0 0
71782 0 1 1 1 0 1
53562 0 0 0 1 0 1
53819 0 0 0 0 0 0
66302 1 0 1 1 1 0
52623 0 0 0 0 1 0
53652 0 0 0 0 0 1
54799 0 0 0 1 1 0
62071 1 1 1 0 1 0
53809 1 0 0 1 0 0
52496 1 1 1 1 0 1
79582 0 1 1 0 0 0
73325 1 0 0 1 1 1
52037 1 1 1 1 1 1
53722 0 1 0 0 0 0
53971 0 0 1 1 0 1
52615 0 1 1 0 0 0
55649 1 1 1 1 1 1
73359 0 0 1 0 1 1
53712 1 0 0 1 0 1
52653 0 1 1 1 0 0
83908 0 0 0 1 0 0
74290 1 1 1 1 0 1
53649 0 0 1 1 1 0
55856 0 0 1 1 1 1
53965 0 0 1 0 0 1
53317 1 1 1 0 0 1
61984 0 0 0 1 0 0
54302 0 1 0 1 1 1
52507 1 1 0 1 0 1
52646 1 0 1 1 0 1
62686 1 1 1 0 1 1
53964 1 1 1 1 1 0
74612 1 1 1 1 0 1
61761 1 1 1 0 1 0
53813 0 0 0 1 0 1
52642 0 0 0 0 0 1
53791 0 0 1 0 0 0
65033 1 1 1 1 0 0
72378 1 1 1 1 1 1
79586 0 1 1 1 1 0
52663 0 1 1 0 0 1
55203 0 1 1 0 0 1
53669 0 0 0 0 0 1
52456 1 1 1 1 1 1
53576 0 1 1 0 0 1
62025 0 0 0 0 0 0
53807 1 1 0 0 0 1
71992 1 0 1 1 1 0
74289 1 1 1 1 0 1
62051 0 1 0 0 1 1
52655 1 0 1 1 1 0
52463 1 0 1 1 1 1
53806 0 1 1 0 0 0
62693 0 1 1 1 0 0
61688 0 0 1 1 1 1
55218 0 1 0 0 0 1
79419 0 0 1 0 0 1
54315 1 0 1 1 1 1
61760 0 0 0 0 1 1
54321 1 1 0 1 1 0
53561 0 1 1 0 0 1
70715 0 1 0 1 1 0
71631 0 1 1 1 0 0
54014 1 1 1 1 0 0
53796 0 0 1 1 0 0
72668 1 1 1 1 1 1
53650 0 0 0 1 1 0
62684 1 0 0 1 1 0
62059 1 1 0 0 0 0
53580 1 1 1 1 0 0
52647 1 0 1 1 0 0
53667 1 0 1 1 1 0
70402 1 1 1 1 0 1
53895 0 1 1 1 0 0
61862 1 1 1 0 0 0
74613 0 0 1 1 1 1
52620 0 0 0 0 0 1
62709 0 1 1 1 1 1
58632 0 0 1 1 1 0
62210 0 1 0 0 0 0
53959 0 1 0 0 1 1
53972 0 0 1 1 0 1
66342 0 1 1 1 0 0
53648 1 0 0 0 1 1
52491 1 1 0 1 1 0
70262 0 0 1 1 0 1
53550 1 1 1 1 0 0
71940 1 1 1 1 0 0
66309 0 0 1 1 0 1
55832 0 0 1 1 1 1
53752 1 1 0 0 0 1
53878 1 1 1 1 1 1
71978 1 1 1 1 1 1
53553 1 1 1 0 1 1
62054 0 1 0 0 0 1
52485 1 1 1 1 1 1
70822 1 0 0 0 0 0
53711 0 0 1 0 1 0
53675 0 0 0 1 1 1
53759 1 1 1 1 1 1
52506 0 1 1 1 0 0
52101 1 1 0 0 0 1
70403 1 0 1 1 1 1
62713 1 0 1 1 1 0
52494 1 1 1 1 1 1
52656 1 0 0 1 1 1
53671 0 0 1 1 1 1
54904 1 0 1 1 0 1
53609 1 1 1 1 1 1
56464 1 0 1 1 1 1
60038 1 1 1 0 1 1
53797 1 0 0 0 0 0
53881 1 0 1 1 0 1
53784 0 1 1 1 0 1
53651 1 1 0 1 0 0
62707 1 1 1 1 1 1
52679 1 0 1 1 1 0
62469 1 1 1 0 0 1
53826 0 0 0 0 1 0
53615 1 0 0 0 0 0
53203 1 1 0 1 1 0
54013 0 1 1 1 0 0
52460 1 0 0 0 1 0
52484 0 1 1 1 1 1
56720 1 0 0 0 0 0
74608 1 1 1 0 1 1
72125 0 0 0 1 0 0
66314 0 1 1 1 0 1
74611 1 1 0 1 1 0
73349 1 0 0 1 1 0
52665 1 1 0 1 1 0
53892 1 0 1 1 1 0
55188 1 0 1 1 0 0
53766 1 1 1 1 1 1
53654 0 0 1 1 0 0
53986 1 0 1 1 0 0
74320 1 1 0 1 0 0
52664 0 1 0 1 0 1
70324 0 1 1 1 0 1
53666 1 1 0 1 1 0
53681 0 0 0 0 0 0
74774 1 1 1 1 1 1
66304 1 1 1 1 1 1
52059 1 1 0 1 0 0
70299 1 1 0 0 1 1
61763 0 0 0 1 0 0
74394 0 1 1 1 0 1
69763 1 1 1 1 1 0
53879 1 1 1 1 0 1
52633 1 1 0 0 0 0
52648 1 1 0 1 1 0
57908 1 1 1 1 1 1
53996 0 0 0 0 0 0
53983 0 0 0 0 0 0
52505 1 1 1 1 0 0
70290 0 1 1 1 1 1
62133 1 1 0 1 1 0
54304 1 0 1 1 0 0
52480 1 0 1 1 1 0
53677 0 0 1 0 1 1
81773 0 0 1 0 0 1
53565 1 1 1 0 0 1
53758 1 0 0 0 0 0
64556 1 1 1 1 1 1
53967 1 1 0 0 1 1
53717 0 1 0 0 1 0
71951 1 1 0 1 0 1
51974 1 0 0 1 0 1
70266 0 0 0 1 0 0
61685 1 1 1 0 1 1
54313 1 1 1 0 1 1
66308 0 0 0 1 0 0
54341 1 1 1 0 1 1
53560 1 1 1 1 1 0
