74692 0 0 0 0 0 1
53815 0 1 0 1 1 1
75227 1 1 1 1 1 1
52473 0 1 0 1 0 0
74882 1 1 0 1 1 1
55283 0 1 1 0 0 1
71414 1 1 1 1 1 1
53757 1 1 1 1 1 1
52488 1 0 1 1 0 1
52461 1 1 0 1 0 1
62451 0 0 0 0 1 0
79347 0 1 1 1 1 0
71774 1 0 1 1 1 1
62715 0 0 0 0 0 1
52971 0 1 1 1 1 1
79393 0 1 1 1 0 0
72475 1 0 1 0 1 0
70298 1 0 1 1 0 1
53915 0 0 1 0 0 0
52974 0 0 1 0 0 0
61631 1 1 1 1 0 1
74759 1 1 1 1 1 1
52470 1 1 0 1 1 0
62328 0 0 1 0 0 0
53787 0 1 1 1 1 1
62049 0 1 0 0 1 1
74292 0 1 1 0 1 0
53764 1 1 1 1 1 1
76852 1 1 1 1 0 1
66310 0 0 1 1 0 0
62080 1 0 1 0 1 1
84611 0 0 1 1 1 1
79334 1 1 1 1 0 1
71580 0 1 0 1 1 0
71139 0 0 0 0 1 1
55131 1 0 1 1 1 1
53756 0 0 1 0 1 1
62681 0 0 1 0 0 0
72297 0 0 1 0 1 1
56458 0 0 0 0 0 0
54624 0 0 0 0 0 0
76643 1 1 1 1 1 1
72832 0 0 0 0 1 1
59416 0 0 1 1 1 1
62095 1 1 1 1 1 1
72477 0 0 1 0 0 1
53228 0 1 1 1 1 1
53187 1 1 1 0 1 0
70282 0 1 1 1 1 1
71853 1 0 0 0 0 1
53098 0 0 0 0 0 0
53025 0 0 1 0 1 0
70947 1 1 1 1 0 1
53230 1 1 1 0 1 1
71889 1 0 0 0 0 0
52504 0 1 1 0 1 1
72538 1 1 1 1 1 0
74314 0 1 1 1 1 0
72121 1 1 1 1 1 1
72439 0 0 0 0 0 1
75213 0 1 1 0 1 1
74293 0 0 1 1 1 0
75751 1 1 1 1 1 1
71735 0 0 1 1 1 0
61991 0 1 1 1 0 0
61687 0 1 1 1 1 0
72055 1 1 0 0 0 0
76642 0 0 0 0 1 0
75254 1 1 1 1 0 1
53293 1 1 1 1 1 1
56656 1 1 1 1 1 1
62739 0 0 0 0 0 0
53247 0 0 0 1 1 0
53196 1 1 1 1 0 1
72093 1 1 1 1 1 1
55180 0 1 1 1 1 1
72425 1 0 0 0 0 0
53113 1 0 1 1 1 0
70718 0 0 0 0 0 0
54336 0 0 0 0 0 0
75302 0 0 0 0 0 1
75301 0 0 0 0 0 0
72257 0 0 0 1 1 1
74798 1 1 1 0 1 1
72431 0 0 0 0 0 1
70253 0 0 0 0 0 0
53249 0 0 1 0 1 1
72469 1 0 1 1 1 1
59806 0 0 0 0 0 0
61880 1 1 1 1 1 1
72459 0 0 0 1 0 0
69878 1 1 1 1 1 1
53794 1 1 1 1 1 1
83950 0 0 1 1 1 1
53071 1 1 0 0 0 0
62689 0 1 1 1 1 1
74367 0 0 1 0 1 0
62164 1 0 1 0 1 0
74720 0 0 0 0 0 0
70942 0 1 1 0 0 1
72243 0 0 1 0 0 1
55132 0 1 1 1 1 1
62640 0 0 0 1 0 0
64865 0 0 0 0 0 0
53755 1 1 1 1 1 1
53199 1 0 1 1 1 0
54666 0 0 0 0 0 0
74764 1 1 1 1 0 1
71746 1 1 1 1 1 1
70835 1 1 1 1 1 1
70332 0 0 1 1 0 0
62052 1 1 1 0 1 1
61973 1 1 1 1 1 1
71744 0 0 0 1 1 1
70293 0 0 0 1 1 1
74881 1 1 1 1 1 1
74539 0 0 0 1 0 0
62732 0 0 1 0 1 1
53239 0 0 0 1 0 1
53795 0 1 0 1 0 1
62514 0 0 1 0 0 0
53210 0 1 1 1 1 1
75242 1 1 1 0 1 1
74747 1 0 1 1 1 1
75285 0 1 1 0 1 0
52464 1 1 1 1 1 1
61981 0 1 1 0 1 0
59700 0 1 1 1 0 1
53799 1 1 1 0 1 1
56420 0 1 1 0 0 0
74763 1 1 1 1 1 1
70951 1 0 0 1 1 0
62340 1 0 0 1 1 0
62060 0 0 1 0 1 1
72298 0 1 1 1 1 1
62721 0 0 0 1 1 0
54331 0 1 0 0 0 0
72537 1 0 1 1 1 1
70980 0 0 0 0 0 1
73347 1 0 1 1 1 1
53763 0 0 1 1 1 1
73332 1 1 1 1 1 0
70249 0 0 1 1 1 1
79388 1 1 1 1 1 1
74688 1 1 1 1 1 0
76793 1 1 1 1 1 1
62722 1 1 1 0 1 1
53887 0 0 0 0 0 0
55111 0 0 0 0 0 0
71845 0 0 0 0 0 1
71783 0 1 1 0 0 1
72436 0 1 1 1 1 1
71625 1 1 1 0 0 0
70803 0 0 1 0 1 0
70908 0 0 0 1 0 1
73832 0 1 1 1 0 0
56712 0 0 1 0 1 0
52492 1 1 1 0 0 0
53894 1 1 1 1 1 1
53086 0 0 0 0 0 0
74408 1 1 1 1 1 0
70254 1 1 1 1 1 1
62014 1 1 1 1 1 1
54319 0 0 0 0 0 0
62453 0 0 0 0 0 0
74710 1 1 1 1 1 1
55398 1 1 0 1 0 0
62275 0 1 1 1 0 1
74630 1 0 0 0 0 0
73370 1 1 1 1 1 1
66298 1 0 1 1 0 1
81607 0 0 0 0 0 0
74786 1 1 1 1 1 1
70953 0 0 0 0 1 1
79348 1 1 1 0 1 1
71013 0 0 0 1 1 0
52503 1 1 1 1 1 1
53800 0 0 1 0 1 1
56748 0 0 0 0 0 0
53248 0 0 1 0 1 1
70248 1 1 1 1 1 1
66311 1 1 1 1 0 1
53077 0 0 0 0 0 0
74681 1 0 0 0 1 1
71908 0 1 1 1 1 1
75233 0 0 1 1 0 0
79374 1 0 1 1 1 1
53880 1 1 1 1 1 1
71765 0 0 0 0 0 0
72527 0 1 0 1 1 0
75249 1 1 1 1 1 1
72867 1 0 1 0 1 1
74707 0 1 1 1 1 1
54596 0 0 0 0 0 0
70462 0 1 0 1 1 0
70998 0 0 0 0 1 1
71586 1 1 0 0 1 0
75210 0 0 1 0 1 1
76595 1 1 0 1 1 1
52502 1 1 1 1 1 1
72115 0 1 0 1 1 0
54651 0 1 0 0 0 0
79336 0 1 1 1 1 1
53185 0 0 0 0 1 1
71005 1 1 0 0 0 1
55120 0 0 0 1 0 0
62011 1 1 1 1 0 0
75211 0 1 0 1 0 0
62201 0 1 0 0 0 1
73356 0 0 1 0 0 0
70331 0 0 0 0 0 0
53822 0 0 0 1 0 0
73335 1 1 1 1 1 1
74018 0 1 1 1 1 1
67019 1 1 1 0 1 1
61867 0 0 0 1 1 0
72536 1 1 1 1 1 1
72473 1 0 0 0 0 0
55176 0 1 1 1 1 0
72829 0 0 0 0 0 0
54630 1 0 0 1 0 0
53195 0 1 1 1 0 1
61985 1 1 0 0 0 1
62441 1 1 1 1 1 1
72492 1 0 1 0 0 1
53280 0 0 0 0 0 0
71764 1 1 1 1 1 1
53816 1 0 0 0 0 0
64985 0 0 0 0 1 0
72830 1 1 1 1 1 0
53291 1 1 1 1 0 1
75219 0 0 0 1 1 0
53788 0 1 0 1 1 1
74685 1 0 0 0 0 0
73303 1 1 0 1 1 1
52471 0 0 1 1 0 1
79353 1 0 1 1 1 1
54327 1 0 1 0 1 0
74651 0 0 0 0 0 0
70314 1 0 0 1 0 1
55670 0 0 1 0 1 0
71859 0 0 0 1 0 0
64613 0 0 0 1 0 1
53619 1 1 1 0 1 1
71747 0 0 1 1 0 0
74397 1 1 1 1 0 1
55190 1 1 1 1 1 1
73366 0 0 0 1 1 0
58028 1 1 1 0 1 0
72833 1 0 0 0 1 0
75224 0 1 1 0 0 1
74683 1 0 0 0 1 0
74434 0 0 0 1 0 0
53351 0 1 1 0 0 1
53792 0 0 1 0 0 1
52495 1 1 1 1 0 1
70790 1 1 1 1 0 1
75250 1 1 1 1 1 1
54612 0 1 0 1 0 1
71641 0 0 1 0 1 1
70720 0 1 0 0 0 1
74309 1 1 1 1 1 1
62272 0 0 1 1 1 1
74346 0 1 1 1 1 1
53000 0 0 0 0 0 1
62005 0 0 0 0 0 1
54293 0 1 0 0 0 0
53175 1 1 1 1 0 1
62064 1 1 1 1 1 0
54412 0 1 0 0 0 1
62073 1 1 1 0 1 0
53079 0 1 1 0 0 0
62050 1 1 1 1 1 1
74714 1 1 1 1 1 1
62285 1 1 1 1 1 1
74605 1 1 0 0 1 1
66299 1 1 1 1 1 0
82269 1 0 1 0 0 1
52453 1 1 1 1 1 1
73362 0 0 0 1 1 0
74943 1 1 1 1 1 1
74784 1 1 1 1 1 1
62327 0 1 1 0 0 1
74615 1 1 1 1 1 1
55124 0 1 1 1 1 0
62099 0 0 1 0 0 1
70320 0 1 1 1 1 1
74684 0 0 1 0 0 0
74552 1 1 1 0 1 1
53194 1 1 1 1 1 1
53899 1 1 1 1 1 1
74373 1 1 1 1 1 1
75753 1 0 1 1 0 1
53207 0 0 0 0 0 0
70774 0 1 0 0 0 0
61975 1 1 1 1 1 1
70911 1 0 1 1 1 1
71026 0 1 1 1 1 1
61588 1 1 1 1 1 1
82285 0 1 1 1 0 0
72095 0 1 0 1 1 1
54328 0 0 0 1 1 1
52966 0 1 0 1 0 0
74717 1 1 0 1 1 1
71817 1 0 0 0 0 0
71752 1 1 1 1 1 1
54561 1 1 1 1 1 0
73599 1 0 1 1 1 1
52498 1 1 0 1 0 1
71923 1 1 1 0 1 1
73355 0 1 0 0 0 0
61982 0 0 0 0 0 0
62017 1 1 1 1 1 1
52508 1 1 0 1 0 1
71028 0 0 1 0 1 1
53886 1 0 1 1 1 1
53786 1 1 1 0 0 1
73495 0 0 1 1 0 1
79392 1 0 1 1 0 1
72262 0 1 0 0 1 0
61876 1 0 1 1 1 1
72905 1 1 1 0 1 0
82248 1 1 1 1 1 1
52501 1 1 0 1 1 1
70868 1 1 0 1 0 1
71852 0 0 0 0 0 0
53268 1 0 0 0 0 1
53810 0 0 0 1 1 0
55221 0 0 0 1 1 1
53820 0 1 0 0 1 1
53761 1 1 1 1 1 1
82257 1 1 1 1 1 1
74855 0 0 0 1 0 0
76607 0 1 1 1 1 1
72246 0 0 1 0 1 0
71011 1 0 0 1 1 1
71061 1 1 1 1 1 1
70315 1 1 1 1 1 1
73257 0 1 1 0 1 1
62012 1 0 1 1 0 1
52469 0 0 0 0 0 0
70463 0 1 1 0 0 1
73311 1 1 0 1 1 0
62465 0 0 0 0 0 0
71749 1 1 1 1 0 1
70844 0 1 0 1 0 1
71781 0 1 1 1 0 1
67040 0 1 1 1 1 1
55191 1 1 1 1 1 1
72483 0 0 0 0 0 0
72472 1 0 0 0 0 0
73308 0 1 0 1 1 1
52490 1 1 1 1 1 1
62443 0 1 1 1 1 1
74785 0 1 0 1 1 1
53768 0 1 1 1 1 1
70509 0 0 0 0 0 0
71763 1 1 1 1 1 1
73367 1 1 1 1 1 1
53240 1 1 0 0 0 1
66300 1 1 1 1 1 1
76644 1 1 0 0 1 0
75634 0 0 0 1 0 1
53808 0 1 1 0 1 1
74534 1 1 1 1 1 1
62730 0 1 1 1 0 0
70318 1 1 0 0 1 1
83951 1 1 1 1 1 0
71506 1 1 1 0 0 1
62072 1 0 1 1 1 1
55179 0 1 0 0 0 0
75752 1 1 1 1 1 1
72535 1 1 1 1 1 0
82292 1 0 0 1 1 1
62286 0 0 0 0 1 0
55279 0 0 1 1 1 0
75245 0 1 1 1 1 1
72458 0 1 0 0 1 0
74883 1 1 1 1 1 1
75214 0 0 0 1 0 0
71771 0 1 0 0 1 0
76603 1 1 1 1 1 0
73343 1 0 1 0 1 1
70912 0 0 0 0 0 1
53197 1 0 1 1 1 1
74804 1 1 1 1 1 1
74377 1 1 1 1 1 1
70466 0 1 1 1 0 1
74942 1 1 1 1 1 0
70982 0 1 0 0 0 1
61976 0 0 0 1 1 1
75542 1 1 1 1 1 1
61595 0 1 1 1 0 0
61995 1 1 1 1 1 1
72261 0 1 0 0 1 1
72440 0 0 0 1 0 0
52493 0 1 1 0 0 1
71892 1 1 1 0 0 0
70499 1 1 0 1 1 1
61869 1 0 0 0 0 0
52458 0 1 1 1 1 1
53169 0 0 0 0 0 0
84374 1 0 0 0 0 0
70983 1 1 1 1 1 0
71995 1 1 1 1 1 1
71850 0 1 1 0 0 0
72429 0 0 0 0 1 1
70252 0 1 1 1 1 0
53793 0 1 1 1 1 1
82234 0 0 0 0 0 1
53811 0 1 1 0 0 0
71939 0 0 0 0 0 0
54656 0 1 1 0 0 0
71846 0 0 1 1 1 1
70791 0 0 1 0 1 1
71626 0 0 0 1 0 1
56460 1 1 0 1 1 1
73591 1 1 1 1 1 1
76612 0 1 1 1 1 1
72059 1 1 1 1 1 0
54332 0 0 0 1 0 0
54320 0 0 0 0 0 1
71748 1 1 1 1 0 1
53825 0 1 1 0 1 1
74794 1 1 1 1 1 1
71769 0 1 0 1 0 1
75247 1 0 1 1 1 1
62274 0 0 1 1 1 0
70719 1 0 0 0 0 0
72258 0 0 0 0 0 0
70279 1 1 1 1 1 1
70871 1 1 1 1 1 1
55601 1 1 1 1 1 0
74949 0 1 1 1 0 1
70943 1 1 1 1 1 1
61875 0 1 0 1 1 0
70713 0 0 0 0 0 0
71010 1 1 1 1 1 1
72127 1 0 1 1 1 1
61777 0 1 1 1 1 1
75223 1 1 0 0 0 1
70853 0 0 0 0 0 1
71023 1 1 0 1 1 1
53188 1 1 1 1 1 1
74489 1 1 1 1 1 1
71638 1 1 1 0 1 1
76141 1 1 1 1 1 1
52483 0 1 1 1 1 1
74766 1 0 1 1 1 1
55119 0 0 0 0 0 0
72097 0 0 0 0 0 0
70824 0 0 0 0 0 0
56569 1 1 1 1 0 1
53273 1 1 1 1 1 1
73369 0 1 0 1 0 1
54513 0 1 1 0 0 0
53893 1 1 1 1 1 1
70264 0 0 0 1 0 0
53069 0 0 0 1 0 0
61999 1 1 1 1 1 1
70514 0 1 0 1 0 0
54637 0 0 0 0 0 0
66303 0 1 0 0 1 1
62007 1 1 1 1 1 0
69872 1 1 1 1 1 1
64647 0 0 0 0 0 0
62062 0 1 1 1 1 1
70431 0 0 0 0 0 1
55178 1 0 0 1 1 0
53818 0 0 1 0 0 0
70997 1 0 1 1 0 0
53772 0 0 1 0 1 1
61977 0 0 0 0 0 0
62680 0 1 1 0 0 1
74740 1 1 1 1 0 1
72665 0 0 1 0 0 0
54909 1 1 1 1 1 1
72782 0 0 0 0 0 1
72052 0 0 1 1 0 1
52202 1 1 1 1 1 1
62717 0 0 1 0 0 1
53182 0 0 0 0 0 0
53749 0 0 1 1 1 0
62710 1 1 1 1 1 1
53305 0 1 0 0 1 0
71857 0 0 0 0 0 0
74853 1 1 1 0 1 0
76586 0 0 1 0 0 0
71575 0 0 0 0 0 0
74687 0 1 0 0 0 0
62008 0 1 1 0 1 0
62019 1 0 1 1 1 1
53192 1 0 1 1 1 0
74792 0 1 1 1 1 1
54628 1 0 0 1 0 0
82273 1 1 1 1 1 1
71984 1 1 1 1 0 0
74321 1 1 1 0 1 1
73701 1 1 1 1 1 0
54648 0 0 0 0 0 1
74755 1 0 0 1 1 1
61683 1 1 1 1 1 1
75255 1 1 1 0 1 1
73682 1 1 0 1 0 1
70275 0 1 1 1 1 1
62015 1 0 1 0 1 1
72435 0 0 1 1 1 0
66306 0 0 1 1 1 1
74317 0 1 1 1 0 0
54509 1 0 0 0 0 1
55266 1 0 1 1 1 1
70780 1 1 1 1 0 1
72909 0 0 1 0 0 1
62013 0 0 0 0 1 0
74446 0 0 1 1 1 0
71893 1 0 0 0 1 0
62009 0 0 0 0 0 1
62225 0 0 0 0 0 0
52212 1 0 1 1 1 1
71996 1 1 1 1 1 1
53312 1 0 1 1 1 0
55603 0 1 1 1 0 0
72259 0 1 1 0 0 0
53286 1 1 1 1 1 1
71016 0 0 1 0 0 1
72428 1 0 1 1 0 0
61589 0 0 1 0 0 0
62711 1 1 1 1 1 1
62691 1 1 1 1 1 1
62690 1 0 1 1 1 1
52489 0 1 1 0 0 1
56565 0 0 0 0 0 0
71847 0 0 1 0 0 1
71762 1 0 1 1 0 1
53790 1 1 0 1 1 1
55134 1 1 1 1 1 1
53108 0 0 0 0 0 0
62028 1 1 1 1 1 1
53823 1 0 0 1 0 0
71751 0 0 1 0 0 1
61998 0 1 1 1 1 1
53233 1 1 1 1 0 0
67017 1 1 1 0 0 0
70255 1 1 1 1 1 1
62743 0 1 0 0 0 0
74308 1 0 0 1 1 0
53789 0 1 1 1 1 1
79363 1 1 1 1 1 0
74795 0 0 0 0 0 0
66302 1 1 1 1 0 1
74682 1 0 0 0 1 0
54335 1 0 0 0 0 0
53824 0 1 0 0 0 0
82294 1 1 1 1 1 0
72470 0 1 0 0 0 0
61868 0 1 0 1 0 1
71736 0 0 1 1 1 0
71015 0 0 1 1 0 0
62071 1 1 1 1 0 1
64645 1 1 0 1 1 0
52496 1 1 0 0 1 1
52964 1 0 1 1 1 1
72063 0 1 1 1 1 1
70540 0 0 0 0 0 0
71629 0 1 1 0 1 1
71743 1 1 1 0 1 1
73493 1 0 1 0 0 1
76613 1 1 1 1 0 1
70773 0 1 0 1 1 1
57950 1 0 0 0 0 0
61677 0 0 1 1 0 1
70250 1 1 1 1 1 1
76707 1 0 1 1 1 1
74318 1 1 1 1 1 0
73359 1 1 1 1 1 1
56432 0 1 1 1 0 0
66343 1 1 1 1 1 0
53217 1 0 1 1 1 1
55117 0 1 0 0 0 0
79341 1 1 1 1 1 1
54512 1 1 1 1 0 0
72466 0 1 1 1 1 1
56496 1 0 0 1 0 0
52459 1 1 1 1 1 1
74738 0 1 1 1 1 1
74690 0 0 1 1 0 0
74325 0 1 1 1 0 0
61984 0 0 1 0 0 0
78875 0 1 0 1 0 0
61978 1 1 1 1 0 1
70851 0 0 0 0 0 0
52507 1 1 0 1 1 1
59516 0 0 0 1 1 1
75754 1 1 1 1 1 1
70816 1 1 0 0 0 0
72253 0 1 0 1 0 0
62686 1 1 1 1 1 1
54655 0 0 0 0 0 0
74811 0 0 1 1 1 0
71589 0 1 1 0 1 1
71860 0 1 0 0 1 0
75239 1 1 1 1 1 1
71779 0 1 0 0 0 1
73522 1 0 1 1 1 1
54359 0 0 0 0 0 0
70918 0 1 1 1 1 1
74765 1 0 1 0 0 0
75215 0 1 1 1 1 0
62712 1 0 0 1 0 0
53791 0 0 0 1 1 1
55128 1 1 1 0 0 0
54508 0 1 1 1 0 1
74777 0 0 1 0 1 0
53116 0 0 0 1 1 1
54565 0 0 0 0 0 0
70996 1 0 0 0 1 1
75260 0 1 1 1 1 0
75241 0 1 1 1 1 1
62025 1 1 1 0 1 1
53096 0 0 0 0 0 0
71017 1 1 1 0 0 0
72432 0 0 1 0 0 0
54649 0 0 0 0 0 0
74289 1 1 1 0 0 1
53250 0 1 1 1 0 1
62051 1 0 0 0 0 1
75252 1 1 1 1 1 1
61629 1 1 1 0 0 1
72479 0 0 1 1 1 1
62708 0 0 1 1 0 0
76589 1 1 1 1 1 1
61988 0 1 1 1 1 1
62693 0 0 1 0 1 1
61688 1 0 1 0 0 1
53127 0 1 0 1 0 1
54321 0 1 1 0 0 1
74736 0 0 0 0 0 0
54294 0 0 1 0 0 0
54917 1 1 1 1 0 1
76590 1 1 1 1 1 1
74875 1 1 1 1 1 1
53190 0 1 0 1 1 1
62684 0 1 1 1 1 1
54653 0 0 0 0 1 1
62059 1 0 1 0 1 1
53172 0 0 1 0 1 1
71925 0 1 1 1 0 0
70259 0 0 1 1 0 0
53084 0 0 0 0 0 1
76640 1 1 1 1 1 1
62580 0 0 0 1 0 0
62077 0 1 1 0 0 1
71581 1 1 1 1 1 1
74715 1 1 1 1 1 1
53295 1 0 0 0 1 1
71639 0 1 0 1 1 1
53307 1 0 0 0 0 0
62709 0 0 1 1 0 0
71901 1 0 1 1 1 1
70999 0 1 0 0 0 0
52491 1 1 1 1 1 1
62026 0 1 1 1 1 1
74780 1 0 0 1 0 0
70850 0 0 0 0 0 0
71578 1 1 1 1 1 1
74741 1 0 1 1 1 1
71855 0 1 0 0 0 0
76588 1 0 1 1 1 0
62341 1 1 1 1 1 1
54556 0 1 1 1 1 1
53347 0 1 0 0 1 1
53282 0 0 0 0 0 0
71891 1 0 0 1 1 0
74691 0 0 1 0 0 0
53752 1 1 1 1 1 0
52485 1 1 1 1 0 1
53202 0 0 0 0 0 0
70822 1 0 0 0 0 0
52506 1 1 1 1 1 1
55211 0 1 1 1 1 1
72426 0 0 0 1 0 0
70909 0 0 0 0 0 1
62713 1 0 1 1 1 1
57405 1 1 1 1 1 1
72252 0 0 0 1 0 0
52494 0 0 1 1 1 1
73352 0 1 0 0 0 0
76598 0 0 0 0 1 1
54539 0 0 1 1 0 0
71856 1 0 1 0 1 1
61993 0 1 1 0 1 1
74800 1 1 1 1 1 1
70940 1 1 1 1 1 1
56431 0 1 1 0 1 0
73821 1 1 1 0 1 1
71413 1 1 0 0 1 1
53102 0 0 0 0 0 1
53881 1 1 1 0 0 1
52873 1 1 1 1 1 1
71927 1 1 1 1 1 1
53784 0 1 0 1 0 1
75217 1 1 1 1 0 1
62745 1 1 1 1 0 1
62707 0 1 1 0 0 1
70840 1 0 0 1 0 0
74537 1 1 1 1 1 1
62469 1 1 1 1 1 1
74805 0 1 1 1 0 1
73330 1 1 1 1 1 1
54333 0 0 0 0 0 0
53203 1 1 1 1 1 1
76030 0 0 1 1 1 1
75220 1 0 0 1 0 0
73324 1 0 1 1 1 1
55130 1 0 1 0 1 0
73333 1 0 1 1 1 1
52484 0 1 1 1 1 1
74608 1 1 0 0 1 1
76604 0 0 0 0 1 0
70251 1 0 1 1 0 1
76851 1 1 1 1 1 1
74326 1 1 1 0 1 1
53117 0 0 0 0 1 1
70955 0 1 0 0 1 1
74611 1 1 1 1 1 1
84370 0 0 1 1 1 1
62714 1 1 1 1 1 1
62742 0 1 1 0 1 0
62027 0 1 1 1 1 1
79346 1 1 1 1 1 1
53892 1 1 1 1 1 1
53091 0 0 1 0 0 0
74686 1 1 1 1 1 1
53269 0 0 1 1 1 1
71021 1 0 1 1 1 1
53189 0 1 1 1 0 0
62163 1 0 1 1 1 1
53766 0 1 1 1 0 1
72092 0 0 1 0 1 0
71555 1 1 1 1 1 1
64618 0 1 0 0 0 0
73331 1 1 1 1 1 1
74320 1 0 1 1 1 1
70284 1 1 1 1 1 1
55231 0 0 0 0 1 0
72068 0 0 0 0 0 0
76846 1 1 1 1 1 1
54920 1 1 1 1 1 1
53500 1 1 1 1 1 1
74774 1 1 1 1 1 0
62342 1 1 1 1 1 1
70299 1 1 1 1 0 1
71583 1 0 1 1 1 1
70946 0 1 0 0 1 1
53209 0 0 0 0 1 0
70302 1 0 0 1 1 1
71169 0 0 1 1 0 1
53288 0 1 0 0 0 1
57908 1 0 1 1 0 1
71630 1 0 0 0 0 0
69879 1 1 1 1 1 1
71815 1 0 0 0 0 1
53310 0 1 1 1 0 0
62694 1 1 1 1 1 1
55628 0 1 0 0 0 0
74286 1 1 1 1 0 1
71582 0 0 0 0 1 1
53224 1 1 1 0 0 0
73702 0 1 0 1 1 1
74753 1 1 1 1 1 1
71745 0 1 0 1 1 1
75231 1 0 1 0 1 1
70311 0 1 0 1 0 1
74689 1 0 1 0 1 0
66308 0 1 1 1 0 1
70916 1 0 1 0 0 0
