52876 1 1 1 1 1 1 1
52971 1 1 1 1 1 1 1
52880 0 1 1 1 1 0 1
74402 1 1 1 1 1 1 1
52723 1 0 1 1 1 1 0
74030 1 1 1 1 1 0 1
70470 1 1 0 0 1 1 1
73345 1 0 1 1 1 1 1
73488 1 1 1 1 1 1 1
70494 1 0 1 1 1 1 1
71623 1 1 1 1 1 1 1
52843 1 1 1 0 0 1 1
52887 1 1 1 1 1 1 1
52731 1 0 1 1 1 1 1
52787 1 0 1 1 1 1 0
52882 0 1 1 1 1 1 1
52968 1 1 1 1 0 1 1
62463 0 1 1 1 1 1 1
52851 0 0 0 0 0 1 1
70332 0 0 1 0 0 0 0
52789 1 1 1 1 1 1 1
73300 0 1 0 0 0 1 1
52786 0 1 0 0 0 1 1
52869 1 1 1 0 1 0 1
54927 1 1 1 1 1 1 1
52445 1 1 0 1 1 1 0
52983 0 0 1 1 1 1 1
52736 1 1 0 1 0 0 0
52978 1 1 1 1 1 1 1
52881 1 1 1 0 1 0 1
52740 1 1 1 1 1 1 1
52739 1 1 1 0 1 0 0
72867 0 1 0 0 0 1 0
71275 1 1 1 1 1 1 1
70497 1 1 1 1 1 0 1
52811 1 0 1 0 1 0 1
52801 0 0 1 1 1 0 1
54916 1 0 1 1 1 0 1
73303 1 0 1 1 1 1 1
52792 1 0 0 1 1 1 1
52785 1 1 1 1 1 0 1
52741 0 1 1 1 0 1 0
72742 1 1 1 1 0 1 1
52972 1 1 1 1 1 1 1
52842 1 1 0 1 0 0 1
73355 1 0 1 1 1 0 1
53802 1 1 1 1 1 1 1
54931 1 0 0 1 1 1 1
52738 1 1 1 1 1 1 1
52802 0 1 1 1 1 1 1
52965 1 1 0 1 1 1 1
52877 1 1 1 1 1 1 1
52891 1 1 1 1 0 1 1
70463 0 0 1 1 0 1 1
52462 1 1 1 1 1 1 1
73262 0 0 1 1 0 0 0
53236 0 1 1 1 1 1 1
73268 1 0 0 1 1 0 1
52784 1 1 0 0 1 1 1
72114 1 1 1 1 1 1 1
73468 1 1 1 0 1 1 1
71201 1 1 1 1 1 1 0
55162 0 1 1 0 1 1 1
52879 1 1 1 1 1 1 1
52886 1 1 1 1 1 1 1
53713 0 0 1 1 0 0 0
52871 1 1 1 1 1 1 1
52735 1 1 1 1 0 1 1
74282 1 1 1 1 1 1 1
74310 1 1 1 1 1 1 1
52726 1 1 1 0 1 1 0
52849 1 0 0 0 1 0 1
52853 1 1 1 1 1 1 1
52732 0 1 1 1 1 1 0
70431 1 1 1 1 1 0 0
70460 1 1 1 1 0 1 1
54909 1 1 1 1 1 1 1
52872 1 1 1 1 1 1 1
52845 0 1 0 0 1 1 1
53042 1 1 1 1 0 1 1
52856 1 0 1 0 1 0 0
52850 1 1 1 1 1 1 1
52804 1 0 0 1 0 1 1
52410 1 1 0 0 0 1 0
52964 1 1 1 1 1 1 1
77725 1 1 1 1 1 1 1
52791 1 1 0 1 1 1 0
52878 0 0 1 1 0 1 1
73304 1 1 1 1 1 0 1
52478 0 1 1 1 1 1 0
52779 1 1 1 1 1 0 0
70504 1 1 1 1 1 1 1
73299 1 1 1 1 1 1 1
70429 0 0 1 1 0 0 0
52884 1 1 1 1 1 1 1
54917 1 1 1 1 1 1 1
52724 1 1 0 0 1 1 1
52780 1 1 1 1 1 1 0
52783 0 1 1 0 1 0 0
52982 1 1 1 1 1 1 1
70492 1 1 1 1 0 0 0
52798 1 1 1 1 0 1 1
52868 0 0 1 0 1 0 1
52788 1 0 1 1 1 1 1
72918 1 1 1 1 1 1 1
54912 1 1 1 1 1 1 1
52742 1 1 0 1 1 0 1
52873 1 1 1 1 1 1 1
52861 1 1 1 1 1 1 1
52996 1 1 1 1 1 0 1
52806 0 0 1 1 0 0 0
52799 1 0 1 1 0 1 1
52889 1 1 1 1 1 1 1
52859 1 1 0 1 1 1 1
53269 0 0 1 1 0 1 1
54920 1 1 1 1 1 1 1
52867 0 1 1 0 1 1 1
70493 0 0 0 1 1 0 0
52975 1 1 1 1 1 1 1
52409 1 1 1 1 1 1 1
