77860 1 1 1 1 1 1 1
75227 1 1 0 0 1 1 1
75147 0 0 1 1 1 1 1
71546 1 1 1 1 1 1 1
79894 1 1 1 1 1 1 1
77759 1 1 1 1 1 1 1
80004 1 1 1 0 0 1 1
71530 1 1 1 1 1 1 1
71537 1 1 1 1 1 1 1
72895 0 0 1 0 1 0 1
71548 1 1 1 1 1 1 1
72511 1 1 1 1 0 0 0
71613 1 1 1 1 1 0 1
80221 1 1 1 1 1 1 1
77931 1 1 1 1 1 1 1
80343 1 0 1 1 1 1 1
80341 1 1 0 0 0 0 0
75149 1 1 1 1 1 1 1
79994 1 1 1 1 1 1 1
72890 0 0 1 0 0 1 1
80003 0 1 1 1 1 0 1
71545 1 0 1 1 1 1 1
77912 1 1 1 1 1 1 1
71611 1 1 1 1 1 1 1
77921 1 1 1 1 1 1 1
75133 1 1 1 1 1 1 1
71600 1 0 1 1 0 0 1
71547 1 1 1 1 1 1 1
73575 1 0 0 0 0 1 0
79917 1 1 1 1 1 1 1
71616 1 1 1 1 1 1 1
73031 0 1 1 0 0 0 0
77739 1 1 1 1 1 1 1
71612 0 1 1 1 1 1 0
80342 1 1 0 0 1 1 1
80002 1 0 0 1 1 1 1
72888 1 0 1 0 1 0 1
75136 1 1 1 1 1 1 1
71544 1 1 1 1 1 1 1
71618 1 1 1 1 1 1 1
83518 1 0 1 1 0 0 0
77829 1 1 1 1 1 1 1
71528 1 1 1 1 0 1 1
71598 1 1 1 0 1 1 1
77761 1 1 1 1 1 1 1
75132 1 1 1 1 1 1 1
75141 1 1 1 1 1 1 1
73023 1 1 1 1 1 1 1
71617 1 1 1 1 1 1 1
77785 1 1 1 1 1 1 1
77770 1 1 1 1 1 1 1
80339 1 1 1 0 1 1 1
77738 1 1 1 1 1 1 1
72898 0 0 0 0 0 1 0
74615 1 1 1 1 1 1 1
71532 1 1 1 1 1 1 1
79989 0 1 1 0 1 1 1
73032 1 0 0 1 0 1 1
74737 0 1 1 1 1 1 0
80001 1 1 1 1 1 0 1
71601 1 1 1 1 1 1 1
71529 1 1 1 1 1 1 1
75135 1 1 1 1 0 0 1
75129 1 1 1 1 1 1 1
75142 1 1 1 1 1 1 1
71533 1 1 1 1 1 1 1
73019 0 0 0 0 0 0 0
80338 1 1 1 1 0 1 1
77905 1 1 0 0 0 0 1
79988 1 0 1 1 0 1 1
71538 1 1 1 1 1 1 1
72887 0 0 1 1 0 1 1
75128 0 0 1 1 1 1 1
77731 1 1 0 1 0 1 1
72897 0 0 0 0 1 0 0
80106 1 1 1 1 1 1 1
71614 0 1 1 1 1 0 0
75137 1 1 1 1 1 1 1
72892 0 1 1 0 1 0 0
75143 0 1 1 0 1 1 1
80398 1 1 1 1 1 1 0
75131 1 1 1 1 1 1 1
71609 0 1 1 1 1 1 1
73018 0 0 0 0 0 1 1
80000 1 1 1 1 1 1 0
72891 1 1 1 1 1 0 0
79998 1 1 1 1 1 1 1
77763 0 1 1 1 1 1 1
75123 1 1 0 1 1 1 1
74740 0 0 1 0 1 0 1
79987 1 1 1 1 1 1 1
71539 1 1 1 1 1 1 1
71604 1 1 1 1 1 1 1
72894 1 0 1 1 1 1 0
80007 1 1 1 1 1 1 1
72896 0 0 1 0 1 0 0
75145 1 1 1 1 1 1 1
79918 1 0 1 1 1 1 0
72987 0 0 0 0 0 0 0
71605 1 1 1 1 1 0 0
79999 1 1 1 1 1 1 1
71542 1 0 1 1 1 1 1
75124 1 1 1 1 1 1 1
71608 1 1 1 1 1 1 1
75140 1 1 1 1 1 1 1
72893 0 0 0 0 0 1 1
71697 1 1 1 1 1 1 1
73026 0 0 0 1 1 0 1
72494 0 1 1 0 1 1 1
79991 1 1 1 1 1 1 1
77729 0 0 0 0 0 1 1
72899 0 0 0 1 1 1 1
75146 1 1 1 1 1 1 1
80006 1 1 1 1 1 1 0
75138 1 1 1 1 1 1 1
72501 0 0 0 0 0 0 0
80347 1 0 1 0 1 1 1
77743 1 1 1 1 1 1 0
71535 1 1 1 1 1 1 1
79993 1 1 1 1 1 1 1
71541 1 1 1 1 1 1 1
73025 1 1 1 0 0 0 0
77938 1 1 0 1 0 1 1
73017 0 1 1 0 0 0 0
77787 0 0 1 0 1 0 0
79915 1 1 1 1 0 1 0
72889 0 0 0 0 0 0 1
71534 1 1 1 1 1 1 1
72502 0 1 1 0 1 0 1
77788 1 1 0 1 1 0 1
79997 1 0 1 1 1 0 1
80005 1 1 1 0 1 1 1
71536 1 1 1 1 0 1 1
80346 1 1 1 1 1 1 0
75125 1 0 1 1 1 1 1
71607 1 1 1 1 1 1 1
79992 1 1 1 1 1 1 1
71540 1 1 1 0 1 1 1
77751 1 1 1 1 0 1 1
75148 1 1 0 1 1 0 1
80340 1 1 1 1 1 1 1
72902 0 0 0 0 0 0 0
