52358 0 1 1 0 0 1 0
54519 1 1 0 0 1 0 0
77860 1 0 1 1 1 1 1
53125 0 0 0 0 0 1 0
74882 1 1 1 1 1 0 0
61599 0 1 0 0 1 1 0
52488 1 1 0 0 1 0 0
62451 0 1 1 1 0 1 1
72786 0 1 0 1 1 1 1
62715 0 0 0 0 0 0 0
62477 1 1 0 1 1 1 1
62470 1 1 1 1 0 1 1
54638 0 0 0 0 0 0 0
52971 0 1 1 0 1 1 1
53118 0 0 0 0 0 0 0
73340 1 0 1 1 1 1 1
52371 1 1 0 0 1 1 1
55854 1 1 1 1 0 1 1
73318 1 1 1 1 1 0 1
72998 1 0 1 0 1 1 1
54563 0 0 0 0 0 0 0
62513 0 1 1 1 0 0 0
71689 0 1 1 1 1 0 0
52630 1 0 0 1 0 0 1
60489 1 0 0 1 0 1 0
62328 0 0 0 0 0 0 0
72953 1 1 1 1 1 1 0
72946 1 1 1 1 1 1 1
62049 1 1 0 1 1 0 1
62719 1 0 1 1 1 1 1
77759 1 1 1 1 1 1 1
55644 1 1 0 1 1 1 1
52666 0 1 1 1 1 0 0
71690 1 1 0 0 1 0 0
52042 1 1 1 1 1 1 0
75432 1 0 0 1 1 1 1
56458 0 0 0 0 0 0 0
79842 1 1 1 1 0 1 1
74635 1 0 0 0 1 0 0
52033 1 0 1 1 1 1 0
62095 1 1 0 1 1 1 1
70245 0 1 1 1 1 0 1
53187 1 1 0 1 1 1 1
71027 0 1 1 0 0 1 0
52638 1 1 1 1 0 1 1
53230 0 1 0 1 1 0 0
61608 1 0 1 1 1 1 1
74314 1 1 0 1 1 1 0
72920 1 1 0 1 0 1 0
70260 1 0 0 0 1 0 0
75557 0 1 0 0 0 1 1
52687 1 1 1 1 0 1 1
74293 1 0 0 1 0 1 1
73488 1 1 0 1 1 1 1
54606 0 0 0 0 0 0 0
61991 1 0 1 1 0 1 1
61687 1 1 1 1 1 1 0
53241 1 1 1 1 1 1 0
75254 0 1 1 1 0 0 0
53196 0 1 0 0 0 1 1
72047 1 1 1 1 1 1 1
55175 0 1 1 1 1 0 0
55180 1 1 1 1 1 1 1
72093 0 1 1 1 0 1 0
74511 1 0 1 1 1 1 1
79854 1 1 1 1 1 0 1
54505 1 0 1 0 1 1 0
54558 0 1 1 0 0 1 0
53113 1 0 1 1 1 1 1
54639 1 0 1 1 1 1 1
54336 0 0 0 0 1 0 0
52968 1 1 1 1 1 1 1
73305 0 1 1 1 1 1 1
54538 1 0 0 0 0 1 0
62023 0 0 0 0 0 1 0
75216 1 1 1 1 1 0 0
52626 1 1 0 0 0 1 0
72948 1 1 0 0 0 1 1
61880 0 0 1 0 1 1 1
69878 1 1 1 0 1 1 1
77931 1 1 1 1 1 1 1
62689 1 1 1 1 1 1 1
73350 1 1 0 1 1 1 0
65038 0 1 0 0 1 1 0
55132 1 1 1 0 1 1 0
54662 0 0 0 0 0 0 0
52657 1 0 1 0 0 1 1
72997 0 1 0 1 1 1 1
64865 0 1 0 0 1 1 1
53199 1 1 1 1 0 1 1
54356 0 1 0 0 0 0 0
82758 1 1 1 1 1 1 1
80903 1 1 1 0 1 0 0
74764 1 1 1 1 1 1 1
74701 1 1 1 1 1 1 1
62052 1 0 0 1 1 0 0
61973 1 1 1 1 1 0 0
70293 1 0 1 1 0 1 0
52360 1 1 1 1 1 1 0
62732 1 1 1 1 1 1 0
79835 1 1 1 1 1 1 0
54326 0 0 1 0 0 0 0
55184 1 0 1 0 1 0 0
54511 1 1 1 0 0 1 1
74747 1 1 0 1 0 1 1
62718 1 0 1 1 0 1 1
52464 1 1 1 1 1 0 1
52667 0 1 0 1 1 0 1
74763 1 1 1 1 1 1 0
71688 1 0 0 1 0 1 0
75442 1 1 0 1 1 1 1
62340 0 1 0 0 1 0 0
62060 0 1 0 0 0 1 0
62721 0 1 1 1 0 1 1
52357 1 1 1 1 1 1 1
53220 1 1 0 1 1 0 0
71579 1 0 0 1 0 0 0
54927 1 1 1 1 1 1 1
73067 1 0 1 1 1 1 1
54331 0 0 0 0 0 0 0
55185 0 1 0 1 1 1 1
75546 0 1 0 0 0 0 0
73347 1 1 1 1 1 0 0
77912 0 1 1 1 1 1 0
53621 1 0 0 0 0 1 0
62722 1 1 1 1 1 1 1
81336 0 1 1 0 1 0 1
52983 0 1 0 0 1 1 0
81346 1 1 1 0 1 1 0
54625 0 0 0 0 0 0 0
74799 0 1 1 1 1 1 1
71783 0 1 0 0 1 0 0
61974 1 1 1 1 0 1 1
71681 0 0 0 0 0 0 0
52374 1 1 0 1 1 1 1
73832 0 1 0 1 1 1 0
52649 1 1 1 1 0 1 1
52978 0 1 1 1 1 1 1
52492 1 1 1 1 1 1 1
54324 0 0 0 0 0 0 0
75372 0 1 1 0 1 1 1
53086 1 0 0 1 0 0 1
70254 1 1 0 1 1 1 1
62729 1 1 1 1 1 1 1
62014 1 0 1 1 1 1 1
62275 0 0 0 1 1 1 0
53225 0 0 0 1 0 0 0
73370 1 1 1 1 1 1 1
66298 1 1 1 1 1 0 1
72960 1 1 0 1 1 1 1
62074 1 0 1 0 1 1 0
54831 1 1 0 1 1 1 0
70326 1 1 1 1 1 0 1
54545 0 1 1 1 0 1 0
66311 1 1 1 1 1 1 1
54518 0 0 0 0 0 0 0
54555 0 0 0 0 0 0 0
69313 1 1 1 1 1 1 1
70297 1 0 1 1 1 1 1
52368 1 1 1 1 0 1 1
62289 0 1 1 1 1 1 0
71703 0 0 0 0 0 1 0
71591 0 1 0 0 1 1 1
75209 0 1 0 1 0 0 0
73013 0 0 0 0 1 1 1
75249 1 1 1 1 1 0 1
72994 0 1 0 1 1 1 1
74796 1 1 0 1 1 1 1
70300 1 1 1 1 1 1 0
52668 1 1 1 0 0 1 0
60313 1 1 1 0 1 1 0
75210 0 1 0 1 1 1 0
55196 1 1 1 1 1 1 1
75246 1 0 0 1 1 1 1
52502 1 0 1 1 0 1 0
70263 1 1 1 1 1 1 1
54500 0 0 1 0 0 1 0
54651 0 0 0 0 0 0 0
54830 0 1 0 1 0 0 1
54619 0 0 0 0 0 0 0
62331 1 0 0 0 0 0 0
55120 1 0 0 1 1 0 0
54562 0 1 0 0 1 0 0
62011 1 1 0 1 0 0 0
53987 0 1 0 0 0 1 0
73356 0 0 0 0 1 0 1
62167 0 0 0 0 0 0 0
75440 1 1 1 1 1 1 1
73335 1 1 1 1 1 1 1
74322 1 0 1 1 1 1 1
52353 1 1 1 1 0 1 1
61972 1 0 0 0 0 0 0
67019 1 1 0 1 1 1 1
54594 0 0 0 0 1 0 0
61985 1 1 1 1 0 0 0
62441 1 1 1 1 1 1 1
72094 1 1 1 1 1 0 1
52658 1 0 0 1 1 0 1
56527 0 0 0 0 0 0 0
77829 1 0 0 0 1 1 0
80896 1 1 1 1 1 1 0
54916 1 0 0 0 0 1 0
70369 0 1 0 0 1 1 0
73303 1 0 1 1 1 1 1
54924 1 1 1 1 1 1 1
54327 0 0 0 0 0 0 0
54030 1 1 1 1 1 1 0
52040 1 1 1 1 1 1 1
77683 1 1 0 1 1 1 1
72961 1 0 0 0 0 1 1
53105 1 1 1 1 1 1 1
52451 1 1 1 1 1 0 1
77761 1 1 1 1 1 1 1
75368 1 0 0 1 1 1 0
75224 1 0 1 1 0 1 1
75453 1 1 0 1 0 1 1
53095 0 0 0 0 1 0 0
52495 1 1 0 0 1 1 1
62055 1 1 0 1 1 1 1
79839 1 1 1 1 1 1 1
61678 1 1 1 1 1 0 1
75250 0 1 1 0 1 1 0
66340 1 1 0 1 1 1 1
54612 0 1 0 0 1 0 1
81412 0 1 1 1 0 1 0
75365 1 1 0 1 0 1 1
70268 1 0 1 1 0 1 0
62272 0 1 1 1 0 1 1
77785 1 1 1 1 1 1 1
54293 0 1 0 0 0 0 0
54533 1 1 0 0 1 0 0
72954 0 1 1 1 0 1 0
53227 1 1 1 0 1 1 1
62064 1 1 1 1 0 1 0
77770 1 0 1 1 1 1 1
71685 0 0 0 1 1 1 1
57049 1 0 1 1 1 1 1
61882 1 1 0 1 1 0 1
62050 1 1 1 1 1 1 1
52643 0 1 0 1 0 0 1
62733 0 1 1 1 1 1 0
81074 1 1 1 1 0 0 1
62285 0 1 1 1 1 0 1
80622 1 1 1 0 1 1 0
66312 0 1 1 1 0 1 0
52453 1 1 1 1 1 1 1
53218 1 1 1 1 0 1 1
73362 1 1 1 1 0 0 0
74784 1 1 1 1 1 1 1
62327 0 1 0 0 0 1 1
74508 1 1 0 0 0 0 0
62688 1 0 1 1 1 1 0
55124 1 1 1 1 1 1 0
73469 1 0 0 0 1 1 1
72951 1 1 1 0 1 1 1
61689 1 0 0 1 1 1 0
62099 0 0 0 1 0 0 0
74552 1 1 1 1 1 1 1
53194 1 1 1 1 0 1 0
54640 0 1 1 1 1 1 1
62478 1 0 0 0 0 1 0
70319 1 1 1 1 0 1 1
54318 0 1 1 0 0 0 0
62283 0 1 0 0 0 0 0
74373 1 1 1 1 1 1 0
54496 1 1 1 1 1 1 1
52447 0 0 1 1 1 0 0
75371 1 1 1 1 1 1 1
61975 1 1 1 1 0 1 0
75229 1 1 1 1 0 1 1
71026 0 0 1 0 0 1 0
74545 0 1 1 0 1 1 1
55214 0 1 0 0 1 0 0
73322 1 1 1 1 1 1 0
80893 1 1 0 1 1 1 0
54401 1 1 0 1 0 1 0
73355 1 0 1 1 0 0 1
61982 0 0 0 0 1 1 0
62017 1 0 1 1 1 1 1
52508 1 0 1 1 1 0 1
75366 1 1 0 0 0 0 0
53802 1 1 1 1 1 1 1
54521 0 1 0 1 0 1 1
61876 0 0 0 1 0 1 1
54931 1 0 1 1 0 1 0
73307 1 1 1 1 1 1 0
62488 0 1 0 0 1 1 0
75253 1 0 0 1 1 1 0
54337 0 0 0 0 1 0 0
54660 0 0 1 0 0 0 0
52659 1 1 1 1 1 0 1
52632 0 0 0 0 1 0 0
52366 1 0 0 1 0 1 1
73344 0 1 1 0 1 0 0
71061 1 1 1 1 1 0 1
52365 1 1 1 0 1 0 1
54431 0 0 1 0 0 0 0
54613 0 1 0 0 1 0 0
52412 0 1 0 0 1 1 1
61881 0 1 0 0 0 1 1
75445 1 1 0 1 0 1 1
80630 0 0 1 0 1 1 1
52399 1 1 1 0 0 0 1
75373 0 0 0 0 1 1 1
73311 1 1 1 0 1 1 0
52462 1 1 0 1 1 1 1
54921 1 1 1 1 1 1 1
71781 0 0 1 0 1 0 0
67040 1 0 0 1 1 1 0
76070 0 1 0 0 0 1 0
74490 1 1 1 1 0 1 0
52625 1 1 0 0 0 0 0
79966 1 1 1 1 1 1 1
73308 1 1 1 1 1 1 1
62443 1 0 1 1 1 1 0
73367 1 1 1 1 1 1 1
66300 1 1 1 1 1 1 1
72114 1 0 0 1 1 0 1
53555 1 1 1 1 1 1 1
62730 1 1 0 0 1 1 1
52651 1 1 1 0 1 0 1
61980 1 1 1 1 0 1 0
70318 1 1 0 1 0 1 1
62072 1 1 1 0 1 1 1
81327 0 0 0 0 0 1 0
52118 0 1 0 0 0 1 0
62024 0 1 1 1 1 1 1
53219 1 1 0 0 1 0 0
73357 1 1 1 1 1 0 0
73468 0 1 1 1 1 0 1
81075 1 1 1 1 1 1 1
75245 1 1 1 1 1 1 1
74883 1 1 1 1 1 1 1
53585 1 1 1 0 1 0 1
62066 0 0 0 0 1 0 0
54611 0 0 1 0 0 0 1
61627 1 1 0 1 0 0 0
73343 1 1 1 1 1 1 1
53197 1 1 0 1 0 1 0
54557 0 0 1 0 1 1 0
77905 0 1 1 1 1 0 1
72952 1 0 1 0 1 1 1
74377 1 0 0 1 1 0 0
54345 0 1 0 1 1 1 1
61595 1 1 0 1 1 1 1
61995 1 0 1 1 1 1 1
55842 0 1 0 0 1 0 0
72957 1 1 1 1 1 1 1
77731 1 1 1 1 1 1 1
54617 0 1 0 0 1 0 1
54317 0 0 1 0 0 0 0
61869 0 0 0 0 0 0 0
62475 1 0 0 1 1 1 0
52458 1 1 1 1 1 1 0
61851 1 0 1 1 1 1 1
70374 0 1 0 1 0 0 0
80894 0 1 1 1 1 0 1
74344 1 1 0 1 1 1 1
70363 0 0 0 1 1 0 0
72995 1 1 1 1 0 1 1
74725 1 0 0 0 0 0 0
80892 1 0 1 1 1 1 1
73011 1 1 1 1 1 1 1
54656 0 0 0 0 0 1 0
56460 0 0 0 0 0 1 0
73591 1 1 1 1 1 1 1
72059 0 1 1 1 1 1 0
54332 0 0 0 0 0 1 0
54320 0 0 0 0 0 0 0
70286 1 1 1 1 1 1 1
62274 1 0 0 0 1 0 0
70279 1 0 1 1 1 1 1
73600 1 1 1 1 1 1 1
73601 0 1 0 1 1 0 1
61875 1 0 0 1 1 0 0
72127 1 1 1 1 0 0 0
53188 1 1 1 1 1 1 1
74489 1 1 0 1 1 1 1
72941 1 1 1 1 1 1 1
74282 1 1 1 1 1 1 1
52483 1 0 1 1 1 1 1
74766 0 1 1 0 1 1 1
55119 0 0 0 0 0 0 0
74476 0 0 0 0 0 0 0
79850 1 1 0 1 1 1 1
81026 0 0 0 0 0 0 0
56569 0 1 1 0 1 1 1
62329 1 1 1 1 1 1 0
81341 0 1 0 1 1 1 1
75363 1 1 1 1 1 1 1
70337 1 1 0 1 0 1 1
54513 1 1 0 0 0 0 1
62731 1 0 1 1 1 1 0
64619 0 0 0 1 0 0 0
70264 0 1 1 1 1 0 0
61999 1 1 1 1 1 1 1
54637 0 1 0 0 0 0 0
72939 0 1 0 1 1 1 1
52363 0 1 0 1 1 1 1
62007 1 1 1 1 1 1 0
77763 1 1 1 1 1 1 1
69872 1 1 1 1 1 0 1
62273 0 1 1 1 1 0 1
62062 1 0 1 0 1 0 0
61855 0 0 0 1 0 0 0
61977 0 1 1 1 0 0 1
62680 1 0 1 0 0 1 1
54909 0 1 0 1 1 1 1
72052 0 1 1 1 0 1 1
54543 1 1 1 0 1 0 0
62717 1 0 0 0 1 0 0
79837 1 1 1 1 1 1 1
53182 1 0 1 0 0 0 0
62710 0 1 1 0 1 1 1
77717 1 1 1 0 1 1 1
54911 1 0 1 1 1 0 1
81072 0 1 0 1 1 1 1
53274 1 1 1 1 1 1 1
80889 1 0 1 0 1 1 1
72942 1 0 0 1 1 1 1
74995 1 1 1 1 1 1 1
62019 1 1 1 0 1 1 0
52354 1 0 0 1 1 1 1
72990 1 1 1 1 1 1 0
74792 1 1 1 1 1 1 1
54650 0 0 1 0 0 1 0
54628 0 1 1 0 1 1 0
61907 0 1 1 0 0 1 1
61986 1 1 1 1 0 1 1
74321 1 1 1 1 1 1 0
73701 1 1 1 0 1 0 1
62683 0 1 0 1 0 1 1
61683 1 1 1 1 1 1 1
81419 0 1 0 0 0 0 0
73682 1 1 1 0 0 1 1
52639 0 1 1 1 1 1 1
70275 1 1 0 0 1 1 0
75212 0 1 1 0 0 1 1
61614 1 1 1 0 1 1 0
53222 1 0 1 0 1 1 0
62013 0 1 1 1 1 0 0
54598 0 0 0 0 0 0 0
70360 0 0 0 0 0 0 0
62009 0 1 1 0 1 1 1
74512 1 1 1 1 1 0 1
53746 1 0 0 0 0 1 0
55121 0 1 0 0 0 1 0
72958 1 0 1 1 0 1 1
55771 1 1 1 1 1 1 1
53180 0 1 0 1 1 0 0
71016 0 0 0 0 0 1 0
71621 0 0 1 1 1 1 1
80895 0 1 1 1 0 1 1
62711 1 0 0 1 1 1 0
52465 1 1 1 1 1 1 1
62691 1 0 1 1 1 0 1
62690 0 1 1 1 1 0 1
55134 1 0 0 1 1 1 1
73063 0 1 1 1 1 1 1
53108 1 0 0 1 1 1 1
61998 1 1 0 1 0 1 0
73319 1 1 1 1 1 1 1
72950 1 1 1 1 1 1 0
70255 1 1 1 1 1 1 1
72179 1 1 1 1 1 1 1
71709 0 0 0 1 1 0 0
72086 0 1 1 0 1 0 0
84793 1 1 1 1 1 0 0
52623 0 1 0 0 1 1 1
74521 0 1 0 0 1 0 0
54335 1 0 1 0 0 0 0
62071 1 1 1 1 1 1 0
54618 0 0 1 0 1 0 1
64645 1 1 0 0 1 1 1
52496 1 1 1 1 0 1 0
52964 0 0 1 0 1 1 1
73320 1 0 1 1 1 1 1
73325 1 1 0 1 1 1 1
73144 1 0 1 0 0 1 0
52441 1 0 0 0 1 1 1
54349 0 0 0 0 1 0 1
70336 1 1 1 0 1 1 1
81073 1 0 1 0 1 0 0
61677 1 1 1 1 1 1 1
62492 0 1 1 0 0 1 1
52615 0 0 1 0 1 0 0
53252 1 1 1 1 1 1 1
71022 1 1 1 1 1 0 0
73359 1 1 1 1 1 1 1
56432 0 0 1 0 0 1 0
53217 1 1 1 1 1 0 1
66343 0 1 1 1 1 1 1
54629 0 1 1 0 1 1 1
74290 1 1 1 1 1 1 1
71695 0 0 0 0 1 0 0
54512 1 1 0 1 1 1 1
74749 1 1 1 1 0 0 0
80888 0 0 0 0 1 0 0
54535 1 0 1 0 1 0 0
56496 0 0 0 0 0 0 0
75289 0 1 1 1 1 1 1
52459 1 1 1 1 1 1 1
53317 1 1 1 1 1 1 1
61984 0 0 0 0 1 0 0
55227 1 0 0 1 0 0 1
61978 1 1 1 0 1 0 1
52507 1 1 1 1 1 1 1
52646 1 1 1 1 1 0 0
62686 1 1 0 1 1 1 0
73304 0 1 1 0 0 1 1
52645 1 1 0 1 0 0 1
70950 1 0 1 1 0 1 0
75239 1 1 1 1 1 1 1
77729 0 1 1 1 1 1 1
74773 1 0 0 1 0 1 1
71779 0 1 0 0 0 0 0
52642 1 1 1 1 1 1 1
75215 1 1 1 1 1 1 1
54508 1 1 1 1 1 1 0
70828 0 1 1 0 1 1 1
52456 1 1 0 1 0 1 1
62025 1 0 0 0 0 0 1
71017 1 1 1 1 0 1 1
72084 1 0 1 1 0 0 1
62051 0 1 1 1 1 1 1
72955 1 1 0 0 1 1 1
53181 0 1 0 1 1 1 1
58702 0 1 0 0 1 1 1
75252 0 1 0 0 1 1 0
72935 1 1 1 1 1 1 1
52655 1 0 1 1 1 0 0
53950 1 1 1 1 1 1 1
61629 0 1 1 1 0 1 0
52463 1 1 1 1 1 1 1
71018 1 0 1 0 0 1 0
64508 1 1 1 0 1 1 1
61988 1 0 1 1 0 1 1
71692 0 0 0 0 0 1 0
62693 1 1 1 0 1 1 0
67018 0 1 0 0 0 1 0
61688 1 0 1 1 1 1 1
79970 1 1 0 1 1 1 1
77705 0 1 0 0 1 1 1
54623 0 0 0 0 1 0 0
54514 0 1 0 1 0 1 0
54917 1 1 0 1 1 1 0
53190 1 1 1 1 1 1 1
74875 1 1 1 1 1 0 0
62684 0 0 0 0 0 1 0
69316 1 1 0 1 1 1 0
62059 1 1 1 0 0 1 1
53084 1 0 0 1 0 1 1
71682 0 0 0 0 0 0 0
70259 0 1 1 1 1 1 0
64919 1 1 1 1 0 1 0
77743 1 1 0 1 1 1 0
70402 1 1 1 1 1 1 1
62077 0 1 1 0 1 1 1
52982 1 1 0 1 1 1 1
71696 0 0 0 0 0 0 0
74715 1 0 1 1 1 1 1
52976 1 1 1 1 1 0 1
54507 0 1 1 1 0 1 0
62734 1 1 1 1 1 1 1
66305 1 1 0 1 1 1 1
52620 1 0 0 1 0 0 0
54654 0 0 0 0 0 0 0
54541 0 1 1 0 0 0 1
62709 1 0 0 1 0 0 1
75437 1 1 0 1 1 0 0
53090 1 1 1 1 1 1 0
77938 1 1 1 1 1 1 1
69762 0 0 1 0 1 1 0
52491 1 1 1 1 1 1 0
62026 0 1 0 0 1 1 0
73059 1 1 0 1 1 0 0
52356 1 1 1 1 0 1 1
73363 1 1 1 0 1 0 0
70262 1 0 0 1 1 1 0
54664 0 0 0 0 0 0 0
62341 1 1 0 0 1 0 1
66309 1 1 0 1 0 1 1
54353 1 0 0 0 0 0 0
69314 1 1 1 0 1 1 0
79852 1 1 1 1 0 1 1
77787 1 1 1 1 1 1 1
55832 1 1 1 1 1 1 0
53232 1 0 0 1 0 0 0
52369 1 1 1 1 1 1 1
53226 1 1 0 1 1 0 1
72918 1 0 1 1 1 1 1
62713 1 1 0 1 1 0 1
57405 0 0 0 0 0 1 0
79812 1 1 1 0 1 1 1
74371 1 1 1 1 1 1 1
52494 1 1 1 1 1 1 0
52640 0 1 1 1 1 1 1
54904 1 1 1 1 1 1 0
54539 1 1 0 1 1 1 0
52734 1 0 1 1 1 1 1
61993 1 1 0 1 1 1 1
77788 1 0 0 0 0 1 1
77766 1 1 0 1 0 1 1
56431 0 1 0 0 0 0 0
73821 1 1 1 1 1 1 1
62119 1 1 0 0 1 1 0
53102 0 0 0 1 0 1 0
54912 1 1 1 1 1 1 1
53231 0 1 1 1 1 1 0
72991 1 1 0 0 1 1 1
53126 0 1 0 0 0 1 0
61861 1 1 0 1 1 1 0
62707 0 0 0 0 0 0 1
53186 1 0 1 1 1 1 1
52433 0 0 1 0 0 1 1
62469 1 1 0 1 1 1 1
71019 0 0 1 0 1 1 0
74805 1 1 1 0 1 1 0
73330 1 1 1 1 1 0 1
52352 1 0 0 1 0 1 1
54333 1 1 0 0 0 0 0
72936 1 1 1 0 1 1 1
52617 1 0 0 0 1 1 0
55130 1 1 0 1 1 1 1
73324 1 1 0 1 1 1 1
73333 1 1 1 1 1 1 1
74608 1 1 0 1 1 1 0
53117 1 1 0 0 1 1 0
74326 1 1 1 1 1 0 1
66314 1 1 1 1 1 1 1
74611 1 1 1 1 1 1 1
73349 1 1 1 1 1 1 1
61603 0 0 0 1 1 0 0
52665 0 0 1 0 0 1 0
62714 1 1 1 1 1 0 1
54314 0 0 1 0 0 0 0
62027 1 0 1 1 1 1 1
71693 0 0 0 0 0 1 1
72949 1 1 1 1 1 1 0
70289 1 1 1 1 1 1 1
54490 0 0 1 0 0 1 1
55183 1 1 1 1 1 1 1
55188 1 1 1 1 1 1 0
53189 1 1 0 1 0 1 1
62069 0 1 1 1 1 1 1
81362 1 1 1 1 1 1 1
77797 1 1 1 0 1 1 0
73331 1 1 1 1 1 1 1
80884 1 0 1 1 0 1 0
74320 1 0 1 1 0 1 1
70284 1 1 1 0 1 1 1
71031 1 1 1 1 0 1 0
72068 1 1 1 0 0 1 0
52664 0 1 1 0 1 0 0
70324 1 1 1 1 1 1 1
53666 1 0 1 1 1 1 0
54029 1 1 1 1 1 1 1
77751 1 0 1 1 1 0 1
54920 1 1 1 1 1 1 1
62342 1 1 0 1 1 0 1
70299 1 1 1 1 1 1 1
56456 0 1 0 0 0 1 0
62476 1 1 1 1 1 0 1
70349 1 1 1 1 1 1 1
54616 1 1 0 0 1 0 0
65183 1 1 0 1 0 1 1
52203 1 1 0 1 0 0 0
62016 1 0 1 1 0 1 1
52633 0 0 0 0 0 1 0
52648 1 1 1 1 1 1 1
69879 1 1 1 1 1 1 1
54506 0 1 1 0 1 0 1
62694 1 0 1 1 1 1 1
55772 1 1 1 1 1 0 0
74510 0 0 1 0 0 1 1
71582 1 1 0 1 0 1 1
71679 1 0 1 1 1 1 1
73702 0 0 0 1 1 1 0
52975 1 1 1 1 1 1 1
61685 1 1 0 1 1 1 1
75231 0 1 1 0 1 0 1
70311 1 1 1 1 0 1 0
72061 1 1 0 1 0 1 1
73371 1 1 1 0 1 1 0
66308 1 1 0 1 1 1 1
70916 0 0 0 0 0 0 0
72938 1 1 1 1 1 1 0
