53612 1 0 0 0 0 0 0
65037 0 1 0 0 0 1 1
52488 1 1 0 1 1 0 1
52461 0 1 0 0 1 1 1
56514 0 1 0 1 0 1 0
62715 0 0 1 0 0 0 0
55854 1 0 1 1 0 1 0
70273 0 0 0 1 1 0 0
53644 1 1 0 0 0 0 0
61631 0 1 1 1 1 1 1
53676 0 0 0 1 1 0 0
53679 0 0 1 0 1 0 0
66310 0 1 0 0 0 0 0
52042 1 0 0 1 1 1 0
62095 1 0 0 0 1 1 1
52618 0 0 0 0 0 0 0
60040 1 0 0 1 1 0 0
71994 0 1 0 0 1 0 1
70282 1 1 0 0 0 1 1
61608 0 1 0 0 0 0 0
72121 0 1 0 1 1 0 0
52499 0 1 1 0 0 0 0
73488 0 0 0 0 0 0 1
72117 1 0 0 1 1 0 1
71735 0 0 1 0 0 0 0
53876 0 0 0 1 1 0 0
61687 0 0 1 0 1 1 1
56484 1 1 0 1 1 1 1
53603 0 1 0 0 1 1 0
71942 0 1 0 0 1 1 0
55175 1 1 0 0 1 0 0
53641 0 0 0 1 0 0 0
71987 0 1 0 0 1 0 1
62057 1 0 0 0 1 0 0
62278 1 0 0 1 1 0 0
52672 1 0 1 0 1 0 1
54018 1 0 0 0 0 1 0
71986 0 1 0 0 1 0 0
62689 1 1 0 1 1 0 0
74258 1 0 1 1 1 0 0
73350 1 0 0 1 0 0 1
73668 1 0 1 0 1 0 1
56466 1 1 1 0 1 1 1
71948 1 1 1 1 1 1 1
52657 0 1 0 0 0 1 1
70293 0 1 0 0 0 1 1
62732 1 1 0 0 1 0 0
53604 0 1 0 0 1 1 1
72123 1 0 0 1 1 0 1
52464 0 1 0 1 1 1 1
74763 0 0 1 1 0 1 1
62340 0 1 0 0 1 1 1
54343 0 0 0 1 1 0 1
72116 1 0 0 1 1 1 0
55185 0 1 0 0 1 0 0
62010 0 0 0 0 1 0 1
62729 0 0 0 1 1 1 0
61879 0 0 0 0 0 0 0
53403 0 0 0 0 0 0 0
66298 1 1 0 1 0 1 1
53670 0 1 0 0 1 1 1
53645 1 0 0 1 0 1 1
67037 0 1 0 0 1 1 0
54831 1 0 1 0 1 0 1
53656 0 0 0 0 0 0 0
72863 0 1 0 1 1 0 1
70248 0 1 1 0 1 1 0
66311 1 1 0 0 1 0 1
71945 0 1 0 0 1 1 1
74617 1 1 1 1 1 1 1
70297 1 1 0 1 0 1 0
53567 1 0 1 0 1 0 1
52486 1 0 1 0 1 1 1
70300 1 0 1 1 1 0 1
52668 1 0 0 1 1 1 1
71981 0 1 0 0 0 1 0
71949 1 0 1 0 1 0 1
52502 1 1 0 0 1 1 0
72555 0 0 0 0 0 0 0
72864 1 0 0 0 1 0 0
72115 1 0 1 0 1 1 0
70263 1 1 1 1 1 1 1
53600 0 1 1 1 0 0 0
54830 0 1 0 0 1 1 0
53678 0 0 0 0 1 0 0
62011 0 0 0 0 1 1 0
53987 1 0 0 0 0 1 0
73356 0 1 0 0 1 0 1
53571 0 1 0 0 1 1 0
71982 0 1 0 1 0 1 1
71989 1 1 0 0 1 1 0
61972 0 0 0 0 0 0 0
67019 0 0 0 0 1 0 0
74971 1 1 0 0 0 0 0
67039 0 1 0 1 0 1 1
62441 1 1 1 1 1 1 1
53568 1 1 0 1 1 0 0
70823 0 0 0 0 0 0 0
72129 0 0 1 1 0 1 1
73303 0 1 0 0 0 1 1
54030 1 0 0 0 1 1 1
70292 1 1 0 0 1 0 0
70314 1 0 0 1 0 0 0
53619 1 0 0 1 0 1 0
53605 1 0 0 1 0 0 1
79578 1 1 0 0 1 1 1
79414 0 1 1 1 1 1 0
52451 0 1 1 0 0 1 0
53602 0 1 0 0 0 1 0
70287 0 0 0 0 0 0 1
52495 0 1 1 1 1 1 1
61678 0 1 1 1 1 0 0
66340 1 0 1 1 1 1 0
74309 0 0 0 1 1 1 1
66301 1 0 0 0 1 0 0
54306 1 0 0 0 0 0 0
53721 1 0 0 1 0 0 0
66299 1 0 1 0 1 1 1
52453 1 0 0 1 1 1 1
71947 0 1 0 0 0 1 0
53556 0 0 0 0 1 0 0
74784 1 1 1 1 1 1 1
71944 0 1 0 0 1 1 1
74615 1 1 0 1 1 1 1
70320 0 1 1 0 0 1 1
72866 1 1 0 0 1 0 0
76602 1 1 1 1 1 1 1
70319 1 1 0 0 1 0 1
74373 0 1 1 1 1 0 1
53613 0 1 0 0 0 1 0
81461 0 1 0 0 1 0 0
52497 1 1 1 1 1 1 1
57048 0 1 0 0 1 0 1
53993 0 1 0 0 0 1 1
71938 1 1 0 0 1 0 1
53564 1 0 0 0 1 0 0
52498 1 0 1 1 0 1 0
74017 0 0 0 1 0 1 1
62017 1 0 0 0 1 0 0
52508 1 0 1 1 1 1 1
71988 1 1 0 1 1 0 1
52467 1 0 0 0 0 0 0
84479 0 0 0 0 0 1 0
56497 0 1 0 1 1 1 0
58634 0 0 0 0 0 0 0
55114 1 0 0 1 0 1 0
52659 0 1 0 1 1 1 1
72128 1 0 1 1 0 1 0
53673 0 1 0 0 0 0 0
53714 0 0 0 1 0 0 0
79588 1 1 0 1 0 1 0
73344 1 0 0 0 1 1 1
70315 0 1 0 0 0 1 1
79410 1 0 1 1 1 1 0
79416 1 0 1 0 1 0 0
79415 0 1 0 1 0 1 0
53110 0 0 0 0 0 0 0
64530 1 0 1 1 0 1 0
70291 1 0 1 1 1 1 1
75195 0 1 0 0 1 1 1
73367 0 1 1 0 0 1 1
62442 1 0 0 1 1 1 1
61607 0 0 0 0 0 0 0
72114 0 1 1 0 1 0 0
54300 1 0 0 1 0 0 0
53606 1 1 0 0 1 0 1
62730 0 0 0 0 1 0 0
61980 1 0 0 0 0 0 0
70318 0 1 0 0 0 1 1
62072 1 0 1 1 1 1 0
73468 0 0 1 0 1 0 1
62277 0 1 1 0 0 1 0
75245 1 1 0 1 1 0 1
53585 0 0 1 1 1 1 1
61627 1 0 0 1 1 1 0
70288 0 0 0 0 0 0 1
53611 0 1 0 1 0 1 1
53962 1 0 0 0 0 0 0
52493 1 1 1 1 1 1 1
76605 0 1 1 1 1 0 1
61869 0 0 1 0 0 0 0
52458 0 1 0 0 0 0 0
54365 1 0 0 0 0 0 0
52466 0 1 0 0 1 1 1
71995 1 0 0 1 0 1 0
70252 0 0 0 1 1 1 0
71941 0 1 0 1 0 0 0
55770 0 1 0 0 1 1 1
62692 0 0 0 0 0 0 0
72131 1 1 1 1 1 1 1
56974 0 1 0 1 1 0 1
71946 1 1 0 1 1 0 1
72127 1 1 1 0 1 0 1
75223 0 0 1 1 1 1 1
71638 1 0 0 1 0 1 0
53642 1 0 1 0 0 1 0
52483 1 1 1 0 0 1 0
72124 1 1 0 1 1 0 1
70824 0 1 0 1 0 0 0
73369 0 0 1 1 0 1 0
53661 1 1 1 1 1 0 0
62731 1 1 0 1 1 0 0
70230 0 0 0 1 0 0 0
52652 0 1 0 0 0 1 0
62078 1 1 0 1 1 1 1
53680 0 1 0 0 0 1 0
73817 0 1 0 1 0 0 0
61686 0 0 0 1 1 1 0
62717 0 0 0 0 0 0 0
53607 0 1 0 1 0 0 1
57909 1 1 1 1 1 1 0
74809 0 1 0 0 1 0 1
72119 0 1 0 1 0 1 1
62008 1 0 1 1 0 0 0
74995 0 1 0 1 1 1 1
51999 1 0 0 0 1 0 1
62402 1 1 1 1 0 1 0
61907 0 1 0 0 0 0 0
71984 1 0 1 1 0 1 0
62683 1 0 1 1 1 1 1
53709 0 0 0 0 1 0 0
61683 1 0 1 1 1 1 1
70714 0 0 0 0 0 0 0
70275 1 0 0 0 1 0 1
71937 0 1 0 1 1 1 0
53574 1 1 1 1 1 0 0
53746 0 0 0 0 1 0 0
55177 0 0 1 1 0 1 0
66349 0 0 1 0 1 1 0
62711 1 0 1 0 1 0 1
52465 1 1 1 1 1 1 0
62690 0 0 0 1 1 1 0
52489 1 0 0 0 1 0 0
53668 0 1 0 0 0 0 0
70255 0 1 0 0 1 1 1
72179 0 1 1 1 1 1 1
53789 1 0 0 0 0 1 0
71782 0 1 0 0 0 1 0
53562 0 1 0 1 0 0 0
52623 0 0 0 0 0 0 0
53652 0 0 1 0 0 0 0
54799 0 1 0 0 0 1 0
71736 0 1 0 0 0 1 1
62071 0 1 1 0 0 1 1
52496 0 0 1 1 0 1 0
73325 0 0 0 1 0 1 0
71983 0 1 1 0 0 1 0
52615 0 0 0 0 0 0 0
55649 1 1 1 1 1 0 1
73359 0 1 0 0 0 0 1
53712 0 1 0 0 0 0 0
52653 1 0 0 0 1 0 1
74290 0 1 1 1 1 1 0
53649 0 0 0 0 1 0 0
55856 1 1 0 1 1 1 1
53317 0 1 1 0 0 1 1
61984 0 0 0 0 1 0 0
54840 0 0 0 1 1 1 0
52507 0 1 1 1 1 0 1
52646 1 0 0 0 1 1 0
62686 1 1 0 1 1 1 1
74612 1 0 1 1 0 1 1
71979 1 0 0 1 1 1 0
72152 1 0 1 0 1 0 0
73522 1 0 0 1 1 1 1
52642 1 0 0 1 0 1 0
65033 0 1 1 0 1 1 0
74607 0 1 0 1 1 1 1
72378 1 1 1 1 1 1 1
79586 1 1 0 0 1 1 1
52663 0 1 0 1 1 1 0
53669 1 0 0 0 0 0 0
53576 0 1 1 0 1 1 0
71992 0 1 1 0 0 0 0
74289 1 1 0 1 0 1 0
71950 1 0 1 0 1 0 0
62693 1 1 0 1 1 1 0
61688 1 0 1 1 1 1 0
79419 0 0 0 1 0 0 0
53561 0 0 0 0 1 1 1
70715 0 0 0 0 0 0 0
71936 0 1 0 0 1 0 0
72668 0 0 0 1 0 1 1
53650 0 0 0 1 0 0 0
62684 0 0 0 1 1 0 0
62059 0 0 0 0 0 1 0
53580 1 0 0 0 1 1 0
53667 0 0 1 0 0 0 0
70402 1 1 1 0 1 0 0
74613 0 1 1 0 1 0 0
52620 1 0 0 0 0 1 0
53959 0 0 0 1 0 1 0
72122 1 1 1 0 1 1 1
53648 0 1 1 0 0 1 0
52491 1 0 0 1 0 1 0
70262 1 0 1 0 1 0 0
71940 1 1 0 0 1 0 1
55832 0 1 0 0 1 1 1
71978 1 0 1 0 1 0 1
53553 1 0 1 1 1 0 1
52485 1 1 0 0 1 0 1
53711 1 0 0 0 0 0 0
53675 1 1 1 1 1 1 1
70403 0 1 1 0 0 0 0
52494 0 1 1 1 1 1 1
52656 1 0 0 0 1 0 1
53671 1 1 0 0 0 1 0
54904 0 1 1 0 0 1 0
56464 0 1 1 0 1 0 0
60038 1 0 1 0 1 1 0
55242 0 0 0 0 0 0 0
79412 0 1 0 1 1 0 0
62707 1 0 1 0 1 0 1
51997 1 0 0 0 1 1 1
62469 1 0 1 1 1 0 0
53615 0 0 0 0 0 0 0
73324 0 1 1 0 1 1 1
52484 1 0 1 1 0 1 0
74608 0 1 1 0 1 1 0
66314 1 0 1 1 0 1 1
74611 1 1 0 0 1 0 1
73349 1 0 0 1 1 0 1
52665 1 1 0 0 1 0 0
55188 0 1 0 0 0 1 0
53654 0 1 0 0 0 0 0
71935 0 0 1 1 0 1 1
73331 1 1 0 0 0 0 0
74320 1 1 0 1 1 0 1
52664 0 1 0 0 0 0 0
70324 0 0 0 1 0 0 0
71902 1 0 0 0 0 0 0
53666 0 1 0 1 1 1 1
53681 1 0 0 0 0 0 0
66304 1 0 1 0 1 1 0
70299 0 1 0 0 1 1 0
72113 1 0 0 1 1 0 0
74394 1 1 0 1 1 0 0
69763 1 0 1 0 1 1 1
52648 1 0 0 1 1 0 1
57908 1 1 1 1 1 1 1
53996 0 0 0 0 0 1 0
52505 0 1 0 0 1 1 0
70290 1 0 1 1 1 0 1
71985 1 0 1 1 1 0 1
62694 1 1 0 1 1 0 0
62133 0 1 1 0 1 1 0
53677 0 0 0 0 0 0 1
81773 0 1 0 0 1 0 0
53565 0 1 0 1 0 1 1
53717 0 0 0 0 1 0 0
71951 1 1 1 1 1 1 1
51974 0 1 0 0 0 0 0
70266 1 1 1 1 1 0 1
61685 0 1 1 0 1 1 0
70311 1 0 0 0 1 0 0
66308 1 1 1 1 1 1 1
53560 0 0 1 1 1 1 0
