76316 0 1 1 1 0 1 1
77860 1 1 1 0 1 0 1
76310 0 1 1 0 1 0 1
84058 0 1 1 1 1 1 1
71546 1 1 1 1 1 1 1
79894 1 1 1 0 1 1 1
84007 0 1 1 0 0 1 0
77759 1 1 1 1 1 1 1
71530 1 1 1 0 0 1 1
71537 1 1 1 0 1 0 1
76643 1 0 1 0 1 0 0
83997 0 1 0 0 0 0 0
71610 1 0 1 1 1 1 1
84001 0 0 1 1 1 0 0
72121 0 1 1 0 0 1 1
84020 1 0 0 0 1 0 0
75213 1 0 1 0 0 1 0
76015 0 0 0 0 0 0 0
75947 0 1 1 0 1 1 0
71613 1 1 1 1 1 1 1
80221 1 1 0 1 1 1 1
77931 1 1 0 1 1 0 1
76027 0 0 0 0 1 1 0
83476 1 1 1 1 1 1 1
84017 0 0 0 1 1 0 1
76639 0 0 0 0 0 0 1
79994 1 1 1 1 1 0 1
80003 1 1 0 1 0 1 1
76416 1 1 0 0 0 0 0
76609 0 1 1 1 0 1 0
83525 0 0 1 1 1 1 1
84731 0 0 1 1 1 1 0
71545 1 1 0 1 1 0 1
83817 1 0 0 0 0 0 0
77912 1 1 1 1 1 1 1
71606 0 1 1 1 1 1 1
71611 1 1 1 1 1 1 1
71600 0 1 0 1 0 0 1
76064 1 0 0 0 0 1 0
71547 1 1 1 1 0 1 1
75930 1 1 1 1 1 0 1
74786 1 1 1 0 1 1 1
83686 0 1 0 1 0 0 1
79917 0 1 1 1 1 1 1
71616 0 1 1 1 0 0 0
75209 1 0 0 0 1 0 0
77739 1 1 1 1 0 1 1
74707 1 1 1 1 1 1 1
74796 0 1 1 1 1 1 1
71612 1 1 1 1 1 1 1
80002 1 1 1 0 1 1 1
84853 0 0 0 0 0 1 0
71544 1 1 1 1 1 1 1
71618 1 1 1 1 1 1 1
77829 1 1 0 1 1 1 0
83985 0 0 1 0 1 0 0
71528 1 1 1 1 1 1 1
75861 1 1 0 0 1 1 1
71602 0 1 0 1 1 1 1
77683 1 0 0 1 1 1 0
71598 1 1 1 1 0 1 0
77761 1 0 1 0 0 1 1
75224 1 1 1 1 1 0 1
71617 1 1 0 1 0 1 1
77785 1 1 1 1 1 1 1
77770 1 1 1 1 0 0 1
83829 0 1 1 1 1 1 1
84003 0 1 1 0 0 0 0
71532 0 1 1 1 1 0 1
79989 1 1 1 1 1 1 0
83987 0 0 0 1 1 1 1
80001 1 1 0 0 1 0 1
71601 1 1 1 1 1 1 1
71529 0 1 0 0 1 1 1
83994 1 1 0 1 1 0 1
83710 1 0 0 0 0 0 0
76607 1 1 1 1 1 1 0
84225 0 0 1 0 0 1 0
83783 1 0 0 0 0 0 0
76594 0 1 0 1 1 1 1
83984 0 0 1 1 0 0 1
84008 0 0 0 0 0 1 1
71533 0 1 1 1 1 1 0
62442 0 0 1 0 1 0 0
76018 0 0 0 0 0 1 0
84207 0 0 0 1 0 0 0
84009 0 0 0 1 0 0 1
74614 1 1 0 0 0 1 0
77905 1 1 1 1 1 1 1
79988 1 1 1 0 0 0 0
83771 0 1 0 0 0 0 1
77731 1 1 1 0 1 1 0
76593 1 1 0 0 1 1 1
75904 1 1 0 0 1 1 1
71614 1 1 1 0 0 1 1
75906 0 0 1 0 0 0 1
71609 1 1 1 1 1 0 0
61777 1 1 1 1 1 1 1
80000 0 0 0 0 0 0 1
74766 0 0 0 0 1 0 1
79998 1 1 1 1 1 1 1
84025 1 0 0 0 0 0 0
77763 1 1 1 1 1 1 1
65202 1 1 0 0 0 0 0
75910 1 1 0 1 1 1 1
74740 1 1 1 0 1 1 1
57909 1 1 1 0 1 1 0
84480 1 0 0 0 1 0 0
83778 0 1 1 1 1 0 0
74792 1 1 1 0 1 1 1
79987 1 1 1 0 1 1 1
83717 0 0 0 1 0 0 0
83990 0 0 0 0 0 1 0
71539 1 1 1 1 1 1 1
80007 1 1 1 1 1 1 0
84726 0 0 0 0 0 0 0
83757 0 0 0 0 1 0 0
79918 1 1 1 0 1 0 1
71603 0 1 1 1 0 1 1
76528 1 1 1 1 1 1 1
76009 0 0 0 0 0 0 0
71605 1 1 0 1 0 0 0
84054 0 0 1 1 1 0 0
76613 1 1 1 0 1 1 1
79999 0 0 1 1 1 1 0
83981 0 0 0 0 0 0 0
84203 0 0 0 1 1 0 0
71608 1 1 1 1 1 1 1
71697 1 1 1 1 1 1 1
74543 1 1 1 1 1 0 0
76650 0 0 1 0 1 1 0
79991 1 0 1 1 1 1 1
75239 1 1 1 1 1 1 1
77729 0 0 0 0 0 0 0
83759 0 0 0 1 0 0 1
65033 1 1 1 0 1 0 1
80006 1 1 1 1 0 1 0
76589 0 1 1 1 1 1 1
84013 0 0 0 1 0 1 1
83775 1 0 0 0 0 1 1
83988 0 1 0 1 1 1 0
75972 1 1 0 0 0 0 0
84019 0 0 0 0 0 0 0
77743 1 1 1 1 1 1 0
84010 0 0 0 0 0 0 0
71535 1 1 1 1 1 1 0
79993 1 1 1 0 1 1 1
71541 1 0 1 1 1 1 0
84516 0 1 0 1 1 0 0
76312 0 1 1 1 1 0 1
83748 0 0 0 0 1 0 0
76057 1 1 0 1 0 0 1
58858 1 1 1 1 1 0 1
77938 1 1 1 1 0 1 1
74741 0 1 1 1 1 1 0
84048 1 0 1 1 0 0 0
75232 1 0 1 1 1 0 1
69314 0 0 1 0 1 1 1
77787 0 1 1 0 0 1 0
79915 1 1 1 1 1 1 1
84483 1 1 1 0 1 1 1
71534 1 1 0 1 1 1 0
65186 0 0 0 0 0 0 0
77788 1 1 0 1 1 1 1
79997 1 1 1 0 1 1 1
84018 1 1 0 0 0 0 0
80005 1 1 1 1 1 1 1
83998 0 0 0 1 1 1 0
74608 0 1 1 0 1 1 1
84515 0 0 1 0 0 0 0
76851 1 0 1 1 1 1 1
71536 1 1 0 1 1 1 1
75973 1 0 0 0 0 0 0
71607 1 1 1 1 1 1 1
79992 1 1 1 1 1 1 1
71540 1 1 0 0 0 1 1
83714 0 0 0 0 0 0 0
83815 0 1 1 1 1 1 0
77751 1 0 1 1 0 0 1
76652 0 1 0 1 1 1 1
57908 1 1 1 0 0 1 1
73015 0 0 1 0 1 0 0
65230 1 1 0 1 1 1 1
