75147 1 1 1 1 1 0 0
71546 1 1 1 0 1 1 1
79894 1 0 1 1 1 1 1
71530 0 1 1 1 1 0 1
71537 1 0 1 1 1 0 1
71610 1 1 1 1 1 1 0
71548 1 1 1 1 1 1 1
75213 1 0 1 1 1 0 0
71613 0 1 1 1 0 1 1
80221 1 1 1 0 1 1 1
80343 1 1 1 1 1 0 1
78076 1 0 1 1 1 1 1
80341 1 1 1 1 1 0 0
75149 1 1 1 1 1 1 1
79994 0 1 1 0 0 1 1
80003 0 1 1 0 1 1 0
83196 0 0 0 0 0 1 0
71545 1 1 1 1 1 1 1
71606 1 0 1 1 1 1 1
71611 1 1 1 1 0 1 0
75133 1 1 1 1 1 1 0
71600 1 1 1 1 0 1 1
71547 1 1 1 1 1 1 1
77774 0 1 0 0 0 0 1
79917 1 1 1 1 1 1 0
77739 0 0 1 1 1 0 1
71612 1 0 1 1 1 1 0
80342 1 1 0 1 1 1 1
80002 1 1 0 1 1 1 1
75136 1 1 1 0 0 1 1
71618 1 1 1 1 1 1 1
71528 0 1 0 1 1 1 1
71602 1 1 1 1 1 1 1
71598 1 1 1 1 0 1 1
75132 0 1 1 1 0 0 1
75141 1 0 1 1 0 1 1
80339 1 1 0 0 1 1 0
77738 1 1 1 1 0 1 1
74615 1 1 0 1 1 1 1
71532 0 1 1 1 1 1 1
79989 1 1 1 1 1 1 1
83193 1 1 0 0 0 1 0
80001 0 1 1 1 1 0 0
72351 1 0 0 1 1 1 1
71601 1 1 1 1 1 1 1
71529 1 1 1 0 0 1 0
75135 1 1 1 0 0 0 1
75129 1 1 1 1 1 1 1
75142 0 0 1 0 1 1 1
71533 1 1 1 1 0 0 1
65042 0 0 0 0 0 0 1
80338 1 1 1 1 1 1 1
74804 1 1 1 1 1 1 1
80345 1 1 1 0 0 1 1
79988 0 0 0 1 1 0 1
71538 0 0 1 1 0 0 1
75128 1 1 1 1 0 0 0
80106 1 0 1 0 1 0 1
71614 0 1 1 0 1 0 0
83520 1 1 1 0 0 1 0
75137 1 1 1 1 1 1 1
73591 1 0 1 1 1 1 1
75143 1 1 1 1 0 1 1
80398 0 1 1 1 0 0 1
75131 0 1 1 0 1 1 1
71609 1 1 1 0 1 1 0
80000 0 1 0 1 1 1 1
79998 1 0 1 1 0 1 1
75123 1 1 1 0 1 1 1
74740 0 1 1 0 1 0 0
72361 1 1 0 1 1 1 1
79987 1 0 1 1 1 0 1
71539 0 1 1 1 1 1 0
71604 0 1 1 1 1 1 1
80007 1 1 1 1 1 1 1
75145 1 1 1 1 1 0 1
83202 0 1 0 0 0 1 1
83209 0 0 0 0 0 0 0
79918 0 1 0 1 1 1 1
71603 1 1 1 1 1 1 1
79999 1 1 1 1 1 1 1
71542 1 1 1 1 1 1 1
75124 1 1 1 1 1 1 1
74749 0 1 1 0 1 1 1
71608 1 1 1 1 1 1 0
75140 1 1 1 1 1 1 1
79991 0 1 1 0 1 1 1
75146 1 1 1 0 1 1 1
80006 0 1 0 1 0 1 1
75138 1 1 1 1 1 1 1
71535 0 1 1 1 1 1 0
79993 0 1 0 1 1 1 1
71541 0 0 1 1 1 0 1
84516 1 1 1 1 1 1 1
75980 1 0 0 0 0 0 0
79915 1 0 0 1 0 1 0
71534 1 1 0 1 1 1 1
79997 1 1 1 1 1 0 1
80005 1 1 0 0 1 1 1
71536 1 0 0 1 0 1 1
80346 1 1 1 1 1 1 1
75125 0 0 1 1 1 1 1
71607 1 1 1 1 1 1 1
79992 1 1 0 1 0 1 1
71540 1 1 1 1 0 1 0
75148 1 1 1 1 0 0 1
80340 1 0 1 1 1 0 1
