81720 1 1 1 1 1 1 1 1
80584 1 0 1 1 0 1 0 0
81705 1 1 1 1 1 1 0 1
80916 0 0 1 0 1 1 1 0
81681 1 1 0 1 1 1 1 0
62715 1 1 1 0 0 1 0 1
73340 1 1 1 1 1 1 1 1
81713 0 1 1 1 1 0 1 1
81683 0 1 0 1 1 1 1 1
72410 1 1 1 0 1 1 1 0
81759 1 1 1 0 1 1 1 1
73318 1 1 1 1 1 1 1 1
62328 0 1 1 0 0 0 0 1
80910 1 0 0 1 1 0 0 1
71024 1 1 0 1 1 1 1 1
62049 0 1 0 1 1 1 1 0
62719 1 1 1 1 1 1 1 1
78303 0 0 0 0 0 0 0 1
66310 0 1 1 1 1 1 1 1
81706 0 1 1 1 1 0 1 1
81689 1 1 0 1 1 1 1 1
72297 1 1 1 0 1 0 0 0
66320 0 0 0 0 0 1 1 1
62095 1 1 1 1 1 1 1 1
81731 0 1 1 1 1 1 1 1
70818 1 1 1 1 0 1 1 0
70282 0 1 1 1 1 1 1 1
71027 1 1 0 0 0 0 1 1
52593 0 1 1 1 1 1 1 1
70771 1 1 1 0 1 1 1 0
61608 1 1 1 0 1 1 1 1
74314 1 1 0 0 1 1 1 0
33121 1 1 1 1 0 1 1 0
75213 1 1 1 1 1 1 1 0
52687 1 1 1 1 1 1 1 0
74293 1 1 1 1 1 1 1 1
73488 1 1 1 1 1 1 1 0
70766 0 1 1 1 1 1 1 0
81752 1 1 1 1 1 1 1 1
61991 1 1 1 0 0 1 1 1
61687 1 1 1 1 1 1 1 1
55175 1 1 1 1 1 0 1 0
66352 1 1 1 1 0 1 1 1
71623 1 1 1 1 1 1 1 1
74511 1 1 1 0 1 1 1 1
81767 1 1 1 1 0 1 1 1
52843 1 1 0 1 0 1 1 1
81467 1 1 0 0 1 0 1 1
52968 1 0 1 1 0 1 1 1
73305 0 1 1 1 1 1 1 1
62023 0 0 0 0 0 0 0 0
80922 0 0 0 1 1 1 1 0
61880 1 1 1 1 1 1 1 1
69878 1 0 1 0 1 1 0 1
81677 1 1 1 1 1 0 1 1
80945 0 1 0 0 1 1 1 1
62689 0 1 1 1 1 1 1 1
74387 1 1 1 1 1 1 0 0
73350 1 1 1 1 1 1 1 0
71948 0 1 0 1 1 1 1 1
65038 1 1 0 1 1 1 1 1
81043 0 1 0 1 1 1 1 1
64865 1 1 1 0 1 1 1 0
78288 1 1 1 0 1 0 0 1
73467 1 1 1 0 1 1 1 1
62052 1 1 1 1 1 1 1 0
61973 1 1 1 0 1 1 1 0
62732 1 1 1 1 1 1 1 1
80956 1 0 0 0 1 0 1 0
81704 1 1 1 0 0 1 0 1
73358 1 1 1 1 1 1 1 0
54511 1 1 0 1 1 1 0 0
61981 1 1 1 1 1 1 1 1
81732 1 0 1 1 1 1 1 1
70283 0 1 1 0 1 1 1 1
54343 0 1 0 0 1 1 1 1
62340 1 1 1 0 1 0 1 1
72298 1 0 1 1 1 0 0 1
62721 1 1 1 1 1 1 1 1
70564 1 0 0 1 1 1 1 1
52809 1 1 1 1 1 0 0 0
73347 1 1 1 1 1 1 1 1
70249 1 1 1 1 0 1 0 1
62722 1 1 1 1 1 1 0 1
71783 1 0 1 1 1 1 0 1
61974 1 1 1 1 1 0 1 1
73832 1 0 1 0 1 0 1 1
52610 1 1 1 1 1 0 1 1
52479 0 1 1 1 1 1 1 1
56899 0 1 1 1 0 0 0 0
80988 0 1 0 1 0 0 0 0
62729 1 1 1 1 1 1 1 1
62014 1 0 1 1 1 1 1 1
62275 1 1 1 0 1 1 0 0
66298 1 1 1 1 1 1 1 0
81695 1 1 1 1 1 0 1 1
62074 1 1 1 1 1 0 0 1
52740 0 0 1 1 1 1 0 0
81678 1 1 1 1 1 1 1 1
70326 1 1 1 1 1 1 1 1
70248 1 1 1 1 0 1 1 1
52585 1 1 1 1 1 0 1 0
69313 1 1 1 1 1 0 1 1
71908 1 1 1 1 1 1 1 1
70995 0 0 0 0 0 1 0 0
70297 1 1 0 1 1 1 1 0
52739 1 1 0 1 1 1 1 1
70300 1 1 1 1 1 1 1 1
81747 1 0 1 0 0 1 0 1
81682 1 1 1 1 1 1 1 1
70350 1 1 0 0 1 1 1 1
55196 0 1 1 1 1 1 1 1
81690 1 1 1 1 1 1 1 1
70263 1 1 1 1 1 1 1 1
54651 0 1 0 1 1 0 0 1
62331 0 0 0 0 0 0 1 0
62011 1 1 0 0 1 1 1 0
73356 1 1 1 1 1 1 1 0
73335 1 1 1 1 1 1 1 1
74322 1 1 1 1 1 1 1 1
61972 1 1 0 0 1 1 1 1
67019 1 0 0 1 0 0 1 1
61867 1 1 0 0 0 1 0 1
61985 1 1 0 1 0 0 0 1
81744 1 1 0 1 1 0 1 1
73303 1 1 1 1 1 1 1 1
70314 1 1 0 0 1 1 1 0
52040 0 1 1 0 1 1 1 1
80946 1 0 1 1 1 1 0 1
73312 0 0 1 1 1 1 1 1
74397 1 1 1 1 1 1 1 1
62109 0 1 1 1 0 1 1 0
70307 0 1 1 0 1 1 0 1
72833 1 1 1 0 1 1 0 1
62108 1 1 1 1 0 0 1 1
66340 1 1 1 1 1 1 1 1
70268 1 1 1 1 0 0 1 0
62272 1 1 1 1 1 1 1 1
56330 1 0 1 1 0 1 1 1
62005 0 1 0 1 1 1 1 1
54533 1 1 1 0 1 1 0 1
81671 1 0 0 1 1 0 0 1
73329 1 1 1 1 1 1 1 1
62064 1 1 0 1 1 1 1 1
81725 1 0 1 1 1 1 0 1
61882 1 1 0 1 1 1 1 1
62050 1 1 1 1 1 1 1 1
62285 1 1 1 0 1 1 1 0
81758 1 1 1 1 1 0 1 1
81679 1 1 1 0 1 1 0 0
66299 1 1 1 1 1 1 1 1
66312 1 1 1 0 1 1 1 1
73362 0 1 0 0 1 0 0 1
73469 0 0 0 0 1 1 0 1
61689 1 1 1 1 1 1 1 1
81715 1 1 0 1 1 1 1 1
81686 1 1 1 1 1 1 1 1
52588 1 1 0 1 0 1 0 0
62099 0 1 0 0 1 0 0 1
70319 1 1 1 1 1 1 1 0
74373 0 1 1 1 1 1 1 0
74737 1 1 1 1 1 1 1 1
61975 1 1 1 0 0 1 1 0
64525 1 0 0 1 1 1 0 1
52601 1 0 1 1 1 0 1 1
81709 1 0 1 1 1 1 0 1
73599 1 1 1 1 1 1 1 1
73355 0 0 0 1 1 0 1 0
61982 1 0 1 1 0 0 1 0
62017 1 1 1 1 1 1 1 1
53802 1 1 1 1 1 1 1 1
61876 1 1 1 1 1 1 1 1
70808 0 0 1 1 1 0 1 0
73307 1 1 1 1 0 1 1 1
70498 1 1 1 1 1 1 1 1
81734 1 1 1 1 1 1 1 0
52659 1 1 1 1 1 1 1 1
52775 1 1 1 0 1 1 1 1
81729 1 1 0 1 1 1 0 0
52965 1 0 1 1 1 1 1 1
52604 0 1 0 1 1 1 0 0
73344 1 1 1 1 1 1 0 1
71011 1 1 1 1 0 0 0 1
71061 1 1 1 1 1 1 0 1
70315 1 1 1 1 0 1 0 1
66341 1 1 1 1 1 1 1 0
64621 1 0 0 0 1 0 0 0
78058 0 0 0 0 0 0 0 1
73311 0 0 0 1 1 1 1 0
67040 1 1 1 0 1 1 1 0
73703 1 1 1 1 1 1 1 1
62720 0 0 0 0 1 0 0 1
73308 1 1 1 1 1 1 0 1
62443 1 0 1 1 0 0 1 1
73367 1 1 1 1 1 1 1 0
81716 1 1 1 1 1 1 1 0
66300 0 1 1 1 1 1 1 1
73268 1 0 1 1 1 0 1 0
72114 1 1 1 0 1 1 1 1
61857 1 1 1 1 0 1 1 1
81751 1 1 1 1 1 1 1 1
81685 1 1 1 0 1 1 1 1
62730 0 1 1 1 1 1 1 1
61980 1 0 1 1 0 1 0 0
70318 1 1 0 1 1 1 1 0
62072 1 1 1 0 0 1 1 1
81327 0 0 0 0 1 0 1 0
62024 1 1 1 1 1 1 1 1
73357 1 1 1 1 1 1 1 1
62286 0 0 0 0 0 1 0 0
81670 1 1 1 1 1 1 1 1
61627 1 1 1 1 1 1 1 1
73343 1 1 1 1 1 1 1 1
54557 0 1 1 0 0 0 0 0
52587 1 1 0 1 1 0 0 1
52609 1 0 0 0 0 0 0 0
52589 1 1 1 1 1 0 1 1
52592 1 1 0 0 0 0 0 0
61976 1 1 1 1 1 1 1 1
61595 1 1 1 1 1 1 1 1
61995 1 1 1 1 1 1 1 1
80949 0 0 1 1 0 0 1 1
61869 1 1 0 0 0 0 1 0
74344 1 1 1 1 1 1 1 1
70252 0 1 0 1 1 1 0 1
74016 0 0 0 0 0 1 0 1
81749 1 1 1 1 0 1 1 1
81742 1 1 1 1 1 1 1 1
62692 1 1 1 1 1 1 1 1
73591 1 1 1 1 1 1 1 1
70748 0 1 1 0 1 1 1 1
73822 1 1 1 1 1 1 1 1
72059 1 1 1 1 1 1 1 1
62022 0 1 1 1 1 1 1 0
53713 0 1 1 0 1 1 1 1
70769 1 1 1 1 1 1 1 1
62274 1 1 1 0 1 1 0 1
70279 1 1 1 1 1 1 1 1
73600 1 1 1 1 1 1 1 1
73601 1 1 1 1 1 1 1 1
61875 1 1 1 1 1 1 1 1
64687 0 0 0 0 1 1 1 1
74489 1 1 1 1 1 1 1 0
74363 1 1 1 0 1 1 1 1
74282 1 1 1 1 1 1 0 1
54923 1 1 1 1 1 1 1 1
81723 0 1 1 1 1 1 1 1
73369 1 1 1 1 1 1 1 1
73368 0 1 1 0 1 0 0 1
54513 1 1 1 1 1 1 0 1
62731 1 1 1 0 1 1 0 1
81699 1 0 1 1 1 1 1 1
52605 0 1 1 1 1 1 1 1
54305 0 1 1 1 0 0 1 0
61999 1 1 1 1 1 1 1 1
66303 1 1 0 1 0 1 1 1
81724 1 1 1 0 1 0 1 1
62078 1 1 1 1 1 1 1 1
62061 0 0 0 0 0 0 0 0
62007 1 1 1 1 1 1 1 1
60000 0 0 1 0 1 0 0 0
69872 1 1 1 1 1 1 1 1
62273 1 1 1 1 1 1 0 0
62062 1 1 1 1 1 1 1 1
61855 1 1 1 1 1 1 0 1
61977 1 1 0 0 1 0 0 0
72052 1 0 0 1 1 1 1 1
62717 1 0 0 1 0 1 0 0
62710 1 1 1 0 1 1 1 1
54911 1 1 1 1 0 1 1 1
62008 1 1 0 1 1 1 1 1
62019 1 1 1 1 0 1 1 1
81688 1 1 1 1 1 1 1 1
61907 1 1 1 1 0 0 1 1
61986 1 1 0 1 0 1 1 1
74321 0 1 1 1 1 1 1 1
73701 1 1 1 1 1 1 0 1
62683 1 1 1 0 1 1 1 1
61683 1 1 1 1 1 1 1 1
66315 1 1 1 1 1 1 1 1
73682 1 1 1 0 1 1 1 1
70275 0 1 1 1 0 1 1 1
62015 1 1 1 0 1 1 1 1
66306 1 1 0 1 1 1 1 0
54295 0 0 0 0 0 0 0 0
61614 1 1 1 1 1 1 1 1
62013 0 0 0 0 0 1 0 0
54598 1 0 0 0 0 0 0 1
62009 1 1 1 0 0 1 1 0
62711 1 1 1 0 1 1 1 1
62691 1 1 1 1 0 1 0 1
62690 1 1 1 1 1 1 1 1
72784 0 1 1 1 1 1 1 0
62028 1 1 1 1 1 1 1 1
81764 0 0 1 0 1 1 0 1
61998 1 1 1 1 0 0 0 1
73319 1 1 0 1 1 1 1 1
52850 0 1 0 1 1 1 1 1
70255 1 1 1 1 1 1 1 1
81025 0 0 0 0 1 0 0 0
81718 1 1 1 1 1 1 1 1
52598 1 1 1 0 1 1 1 1
66302 1 1 1 1 0 1 1 1
77888 1 1 0 1 0 1 1 1
61868 1 1 1 1 1 0 1 1
81740 1 1 1 1 1 1 0 1
62071 1 1 1 1 1 1 1 1
52964 1 1 0 1 1 1 1 1
73320 1 1 1 0 1 1 1 0
73325 1 1 1 1 1 1 1 1
52591 1 1 0 1 1 1 0 1
52606 0 1 0 0 0 0 1 0
64594 0 0 0 0 1 0 0 0
81687 1 1 1 0 1 1 1 0
61677 1 1 1 1 0 1 1 1
77725 1 1 1 1 0 1 1 1
73359 1 1 1 1 0 1 1 1
66343 1 1 1 0 1 0 1 1
74290 1 1 1 0 1 1 1 0
74749 1 1 1 1 1 1 1 0
55856 1 1 1 1 1 1 0 1
61681 1 1 1 1 1 0 1 1
61984 1 1 1 0 0 0 1 1
61978 1 1 1 1 1 0 1 1
62686 1 1 1 1 1 1 1 1
73304 1 1 0 1 1 1 1 1
66350 1 1 1 1 1 1 1 1
71779 0 1 0 0 0 0 0 0
81697 1 1 1 1 1 1 1 1
81722 1 1 1 1 0 1 1 1
81711 1 1 0 0 0 1 1 0
54508 1 1 1 1 1 1 1 1
54017 1 1 0 0 0 0 0 0
62025 1 1 1 1 0 1 1 1
62051 1 1 0 1 1 1 1 1
81674 1 1 1 1 1 1 1 0
53950 1 1 1 1 1 1 0 1
61629 1 1 0 1 1 1 1 1
73299 0 1 1 1 1 1 1 1
62708 0 1 0 1 0 1 0 0
70429 0 0 1 1 1 1 0 0
61988 1 1 1 1 1 1 1 1
81738 1 1 1 1 1 1 1 1
62693 0 1 1 1 1 1 1 1
67018 1 1 1 1 1 1 1 1
61688 1 1 1 1 1 1 1 1
72409 1 1 1 1 1 1 1 1
81739 1 1 1 1 1 0 1 1
62684 0 0 0 0 0 0 1 0
52608 1 1 1 1 1 1 1 0
81717 1 0 1 1 0 1 1 1
70259 1 0 1 1 1 1 0 1
62077 0 0 0 1 1 1 1 1
81762 1 1 0 1 1 1 1 0
54507 1 1 1 1 0 1 1 1
62734 1 1 1 1 1 1 1 1
62709 0 1 1 1 1 1 0 1
62026 1 1 1 1 1 1 1 1
61878 1 1 1 1 0 1 1 0
73363 0 1 0 1 1 1 0 0
70262 1 0 1 1 1 1 1 0
53550 1 1 1 1 1 1 0 0
70764 0 1 1 1 0 1 1 0
62341 1 1 1 0 1 0 1 1
80924 1 1 1 1 1 0 0 1
66309 1 1 1 1 1 1 1 1
84686 1 1 0 1 1 0 1 1
71030 1 1 1 1 1 1 0 1
81675 1 1 1 1 1 1 0 1
72053 1 0 0 1 1 0 0 1
62713 1 0 1 0 1 1 1 1
57405 1 1 1 1 1 1 0 0
62001 1 0 1 1 1 1 1 1
73352 0 0 1 1 0 0 1 0
61979 1 1 0 1 1 1 1 0
70805 0 0 0 0 0 0 0 1
61993 1 1 0 1 1 1 1 1
81040 1 1 0 1 1 1 1 1
81748 1 0 1 1 1 1 1 0
54976 1 1 1 1 0 1 0 0
73821 1 1 1 1 1 1 1 1
52595 1 1 1 1 1 1 1 0
81755 0 1 1 0 1 1 1 1
52742 1 1 1 0 0 0 1 1
52722 1 1 1 1 0 0 1 1
71025 1 0 0 0 1 1 1 1
61861 1 1 0 1 1 0 0 1
81707 1 1 1 1 1 1 1 1
62707 0 1 1 1 1 1 1 1
52433 1 1 1 0 1 1 1 1
71019 1 1 0 0 1 1 1 0
81721 1 1 1 1 1 1 1 0
73330 1 1 1 1 1 1 1 1
81700 1 1 1 1 1 1 1 1
81736 1 1 1 1 0 0 1 1
73324 1 1 1 1 1 1 1 1
73333 1 1 1 1 1 1 1 1
81698 1 1 0 0 1 1 1 1
52806 0 0 1 0 1 1 0 0
74326 0 1 1 1 1 0 0 1
81673 1 1 1 1 1 0 1 0
70955 1 0 0 0 1 0 0 0
66314 1 1 1 1 1 1 1 1
73349 1 1 1 1 1 1 1 1
62027 1 1 1 1 0 0 1 1
71021 1 0 1 0 0 0 0 1
62069 1 1 1 1 1 1 1 0
81761 1 1 1 0 1 1 1 1
81701 0 1 0 0 0 0 1 1
73331 1 1 1 1 1 1 1 1
72068 0 1 0 1 1 1 1 1
62735 1 1 0 1 1 1 0 1
78228 1 1 1 0 1 0 1 1
70299 1 0 1 1 1 1 1 1
80955 1 1 1 0 0 1 1 0
84687 1 0 0 1 1 1 0 1
70302 1 1 1 1 1 1 1 0
62016 1 1 0 1 1 1 1 1
52633 0 0 0 1 0 0 0 0
69879 1 1 1 1 1 1 1 1
62694 1 1 1 1 1 1 1 1
62053 1 0 0 0 1 1 1 0
74510 1 1 1 0 0 1 1 1
73702 1 1 1 0 1 1 1 0
70311 1 1 1 0 1 1 1 1
81680 1 1 0 1 1 1 1 1
72061 0 1 0 0 1 1 1 1
66308 1 1 1 0 1 0 1 1
70257 1 1 1 1 1 1 0 1
