76316 1 1 1 1 1 1 1 1
77860 0 0 1 1 1 1 0 1
76310 1 1 1 1 0 0 1 0
71546 1 0 1 1 0 1 0 1
79894 1 1 1 1 1 1 1 1
84007 1 1 1 1 0 0 1 0
77759 1 0 1 1 1 1 1 1
80004 1 0 0 1 1 1 1 1
71530 1 1 0 1 1 0 1 0
71537 1 1 1 1 1 1 1 1
78799 1 1 1 1 1 0 1 1
76643 1 1 1 1 1 1 1 0
83997 1 0 1 1 1 0 0 0
75860 1 0 1 1 1 1 0 0
71610 1 0 1 0 1 1 1 1
84001 0 0 0 0 1 1 1 1
72121 0 0 0 1 1 1 1 1
78821 1 1 1 1 0 1 1 1
75959 0 0 0 0 1 1 0 1
71548 1 1 1 1 1 0 1 1
84020 1 1 0 1 1 0 0 0
75213 0 0 0 1 1 1 1 1
76015 0 1 1 0 0 0 0 0
77804 0 1 1 1 0 1 0 0
55814 0 1 1 1 1 0 1 1
75947 1 0 0 1 0 1 0 1
75919 1 1 0 1 0 1 0 0
75912 0 0 1 1 0 1 1 1
71613 1 1 1 1 1 0 1 0
58863 1 1 0 1 0 0 1 1
83784 1 0 0 1 1 0 1 1
80221 1 1 0 1 1 0 1 1
78825 1 0 1 1 1 1 1 1
77931 1 0 1 1 1 1 1 1
76027 1 1 0 0 0 1 0 0
55809 0 0 1 0 1 1 0 1
76010 1 1 0 0 0 0 0 1
83476 1 1 1 1 1 1 1 1
83996 1 1 0 1 0 0 1 0
84017 1 0 1 1 1 1 0 0
76036 1 0 1 0 0 1 0 0
76322 1 0 1 0 0 0 0 0
76639 0 0 0 1 0 0 0 0
84052 1 1 0 0 0 1 1 0
75242 1 1 1 1 1 1 1 1
79994 1 1 0 1 1 1 1 0
66038 0 0 0 0 0 0 0 0
80003 1 1 0 1 1 0 1 0
76416 0 0 0 0 1 1 0 0
76609 1 1 1 0 0 1 1 0
84731 0 0 0 1 0 0 0 0
71545 0 0 1 1 1 1 1 0
83817 0 1 0 1 0 1 1 1
77912 1 1 1 0 1 0 1 1
71606 1 1 1 1 0 1 0 1
71611 0 0 1 1 0 1 0 0
78798 1 1 1 0 1 1 1 1
75989 0 0 1 1 1 1 1 1
71600 1 0 1 1 0 0 0 0
71547 1 1 1 1 1 1 1 1
83723 1 0 0 1 0 0 0 0
83716 1 1 0 0 0 1 0 0
83686 0 0 1 1 0 0 1 1
79917 1 1 0 0 1 0 1 1
71616 1 1 0 1 0 0 1 0
75209 0 0 0 1 0 1 1 0
64712 1 0 1 1 0 0 0 1
77739 1 1 1 1 1 0 1 0
74796 1 1 1 1 0 0 1 0
71612 0 0 1 1 1 1 0 1
80002 0 1 0 1 0 1 0 1
80981 0 0 0 1 1 1 1 1
76595 1 1 1 1 1 1 1 1
71115 0 0 0 0 1 0 1 0
71544 1 1 1 1 1 1 1 0
71618 1 1 1 1 1 1 1 1
77829 1 0 1 1 0 1 0 0
83985 0 1 0 1 1 0 1 0
71528 1 1 1 1 1 0 1 1
75861 0 1 1 1 1 1 1 1
77683 1 0 1 0 1 1 1 0
71598 1 1 0 1 0 1 0 1
83995 0 1 0 1 0 0 0 0
55803 0 0 0 1 0 1 0 0
77761 1 1 0 1 1 0 1 1
75224 1 1 1 0 1 1 0 0
55816 1 1 1 1 1 0 1 0
77785 1 1 1 1 1 1 1 1
76324 0 0 0 0 0 1 1 0
76179 0 1 1 1 0 0 1 1
77770 1 1 0 1 0 1 0 1
84022 1 1 1 1 0 0 1 0
75901 1 0 0 0 0 1 0 0
83829 1 1 0 1 1 1 1 1
64593 0 1 0 1 1 1 1 0
84003 1 0 1 1 0 0 1 1
78793 0 0 1 1 1 1 1 1
71532 1 1 1 1 1 1 1 1
79989 0 1 1 1 1 1 1 1
78828 1 0 0 1 1 1 0 0
83987 0 0 0 0 1 0 1 0
78791 1 1 1 1 1 1 1 0
83521 1 0 1 0 1 1 0 1
84002 0 0 0 0 0 1 0 0
80001 1 1 1 0 0 0 0 1
71601 0 1 0 1 1 1 1 1
76012 0 0 0 0 1 0 1 0
58033 1 1 0 0 0 0 1 0
64615 0 0 0 0 0 0 1 0
83710 0 0 0 0 1 0 0 0
84014 1 0 0 0 0 0 0 0
76607 1 1 1 1 0 1 1 1
84225 1 1 0 0 1 1 1 1
76026 1 0 0 0 0 0 1 0
83984 1 1 0 0 0 1 0 1
84008 1 0 0 0 0 0 1 1
72327 1 0 1 1 1 0 0 0
71533 1 1 1 1 1 1 0 1
62442 1 1 1 1 1 1 0 1
76018 1 0 0 0 0 0 0 1
84207 0 1 1 1 0 0 1 0
84009 0 0 0 1 0 0 1 0
76314 1 0 0 1 0 0 0 1
75934 0 1 0 0 0 0 0 0
78792 1 1 1 1 0 1 1 1
76060 0 1 1 1 1 1 1 1
74614 0 1 1 1 0 1 0 1
76603 0 0 0 0 1 0 1 1
83766 0 1 1 0 1 0 0 0
77905 0 0 1 1 1 1 1 1
79988 1 0 0 1 1 1 1 1
71538 0 1 1 0 0 1 0 0
83771 0 0 1 1 1 0 0 0
77731 1 0 1 1 1 1 1 0
76605 0 1 1 0 1 1 0 0
76593 1 0 1 1 0 0 0 0
71614 1 1 0 1 1 0 1 1
75906 1 0 0 1 1 0 0 0
78822 0 1 1 1 1 1 1 1
78795 1 1 1 1 1 1 1 1
71599 1 1 1 1 1 1 0 1
73591 1 1 1 1 0 0 1 0
76422 0 1 0 1 0 1 1 0
76014 1 1 0 0 1 1 0 0
75859 1 1 0 0 0 0 0 1
71609 1 1 1 0 1 1 1 1
61777 1 1 0 0 0 1 1 1
78826 0 0 1 1 1 0 1 1
80000 1 0 1 1 0 0 1 1
78830 1 1 0 1 1 1 1 1
74766 1 1 0 1 0 1 0 0
83993 0 1 0 1 0 1 1 1
71914 0 0 0 0 0 0 1 0
75924 0 1 0 0 1 0 1 0
79998 1 1 1 1 1 1 1 0
84025 1 0 0 0 0 0 0 0
77763 1 1 1 1 1 1 1 1
65202 0 1 0 1 1 0 1 1
75910 0 1 1 1 1 0 0 1
74740 1 1 1 0 1 1 1 1
75878 0 0 0 0 0 1 1 1
74950 0 0 1 1 1 1 1 1
57909 1 0 1 0 1 1 1 1
84480 0 0 0 0 0 0 1 0
83991 0 1 1 0 1 1 1 0
83765 0 0 0 1 1 0 0 0
83778 0 0 1 0 0 0 0 1
79987 1 1 1 1 1 1 1 0
76045 1 1 1 1 1 1 1 1
61683 1 1 1 1 1 1 1 0
83990 1 1 1 1 1 0 1 0
83589 0 0 0 0 0 0 0 0
71539 0 0 1 1 0 0 1 1
71604 1 0 1 1 1 1 1 0
80007 1 1 1 1 0 1 0 1
84726 0 0 0 1 0 0 0 0
75917 1 1 0 1 1 0 0 1
84971 0 1 0 0 0 0 0 1
83676 1 0 0 0 1 0 0 1
83757 0 0 0 0 0 0 1 0
78794 1 1 1 1 1 0 1 1
79918 1 1 0 1 1 1 1 1
76315 0 1 0 1 1 1 1 1
71603 1 1 0 1 1 0 1 0
76528 1 1 1 1 1 1 1 1
76009 0 0 0 1 0 0 0 0
71605 0 0 1 1 1 1 0 0
84054 0 0 0 1 1 1 0 0
76613 1 1 1 1 1 1 1 0
79999 1 0 0 1 0 1 1 1
75160 0 0 1 0 0 1 1 1
78800 1 1 1 1 1 0 1 1
76152 0 0 0 0 0 0 0 0
84203 1 1 0 1 1 0 0 1
65209 0 1 0 1 1 1 0 1
71608 1 1 1 1 0 1 1 1
75891 0 0 1 1 0 1 0 0
75877 0 0 1 0 1 0 0 1
73304 1 0 1 0 1 0 0 1
78829 0 1 0 1 1 1 1 1
76641 0 1 1 1 1 1 1 1
83708 0 0 1 0 0 0 1 0
83986 0 1 0 0 0 0 0 0
79991 1 1 0 1 1 1 1 1
75239 1 1 1 0 0 1 1 1
77729 1 0 0 0 0 0 0 0
76062 0 0 0 1 0 0 0 0
83759 1 0 0 0 1 1 1 1
76240 0 0 1 1 0 1 1 0
80006 1 1 0 1 0 1 1 1
76589 1 1 0 1 1 1 1 0
84013 0 1 0 0 1 0 0 0
76016 0 1 1 0 0 0 0 0
83775 0 0 1 1 0 0 1 1
83988 0 1 0 1 0 1 0 1
74167 0 0 0 1 0 0 1 1
75972 1 0 1 0 0 0 0 1
77743 0 1 1 0 1 1 0 1
76640 1 1 1 1 1 1 1 1
84010 0 0 0 1 1 0 0 0
71535 0 0 1 1 1 0 1 1
79993 1 1 1 1 1 1 1 0
84516 1 0 1 0 1 0 1 1
74168 1 0 0 1 0 1 0 1
78823 1 1 1 1 0 1 1 1
76312 1 0 1 1 1 1 0 0
83748 0 1 1 0 0 0 1 0
74227 1 1 1 0 0 1 0 1
73484 0 1 1 1 1 1 1 0
84223 1 1 0 1 0 1 1 1
78824 1 1 0 1 0 1 1 1
76057 0 1 0 1 0 1 1 0
58858 1 0 0 0 0 0 1 0
55808 1 1 1 1 1 1 1 0
77938 1 1 1 1 1 1 1 1
74741 1 0 0 0 1 1 1 1
76648 1 0 0 0 1 1 0 1
75232 0 1 0 1 0 1 1 1
69314 1 0 1 1 1 1 1 1
77787 1 0 1 1 1 0 0 0
79915 1 0 1 1 1 1 1 1
84483 1 1 1 1 0 1 0 1
71534 1 1 0 1 1 0 0 1
76021 0 0 1 0 1 0 0 0
77788 0 1 1 1 1 0 1 1
77719 0 0 0 1 0 1 0 1
79997 1 1 1 0 1 1 1 1
84018 0 0 1 0 0 1 1 0
80005 1 1 1 0 1 1 1 1
83998 1 0 0 1 1 1 1 1
75963 0 1 0 0 0 0 0 1
74608 0 0 1 1 0 0 1 1
84515 0 0 0 1 0 0 0 1
76851 1 1 0 1 0 1 1 1
71536 1 1 1 0 1 1 0 1
78827 1 1 1 0 1 1 1 0
75973 0 0 0 1 0 1 0 0
71607 1 1 1 1 1 1 1 1
79992 1 1 1 1 1 1 1 1
78796 1 1 1 1 1 1 1 1
71540 1 0 1 1 1 1 1 1
74169 0 0 0 1 0 0 1 0
83714 0 0 0 0 1 1 1 0
83815 0 1 1 1 0 1 1 0
77751 0 1 1 0 1 1 1 0
75939 1 1 1 0 1 0 0 0
76652 1 0 0 0 1 1 1 0
76046 0 0 0 0 0 1 1 0
57908 1 1 1 1 1 0 1 0
84021 1 1 0 0 0 0 0 0
65230 1 0 0 1 1 0 1 0
75781 1 0 1 1 0 0 1 0
