83515 0 1 0 0 1 1 0 0 0
80015 0 0 0 0 0 1 1 0 0
77860 1 1 1 1 1 0 1 1 1
85218 0 1 1 0 0 0 1 0 1
78358 1 0 0 0 0 0 0 0 1
79894 0 1 1 0 0 1 1 1 0
77759 1 1 0 1 1 1 1 1 1
80004 1 1 1 1 1 0 1 1 1
76643 1 1 1 0 1 0 0 0 0
72121 1 0 0 1 1 1 1 1 1
77804 1 0 0 0 1 0 0 0 0
80182 1 1 0 1 1 1 0 0 0
71551 0 0 0 1 1 1 1 0 1
80221 1 1 1 1 1 0 1 0 0
77931 1 0 1 0 0 1 1 1 1
80343 1 1 0 1 1 1 1 1 1
80341 1 1 1 1 1 0 1 1 1
75149 1 1 1 1 0 1 0 1 1
79994 0 1 1 0 1 1 1 1 1
80003 1 1 1 1 1 1 1 1 0
83525 0 1 0 1 1 0 0 1 0
77912 1 1 1 1 1 1 1 1 0
77921 1 0 0 1 1 1 1 1 1
75133 1 1 1 1 1 1 1 0 1
83799 0 0 0 0 0 0 0 0 0
71547 1 1 1 1 1 1 1 1 0
79917 1 1 1 1 1 1 0 1 1
75209 0 0 1 0 1 0 0 0 0
77739 1 1 1 1 1 1 1 0 1
74707 0 1 1 1 0 1 0 1 0
80342 1 1 1 1 0 1 0 0 0
80002 1 1 0 1 0 1 1 1 0
76595 1 1 1 1 1 1 1 1 0
75136 1 0 1 0 1 1 1 0 1
75224 1 0 0 0 1 0 1 1 0
75132 0 1 1 0 0 1 1 0 1
75141 1 1 1 1 1 0 1 1 1
77785 1 1 1 1 1 1 1 1 1
80339 1 1 1 1 1 1 0 0 1
83524 1 0 0 1 1 1 1 0 1
77738 1 1 1 1 1 1 1 1 0
79989 1 1 1 1 0 0 1 1 1
83521 0 0 0 0 1 0 0 0 0
80001 1 1 1 1 0 1 0 1 1
75135 1 0 1 1 1 1 1 1 1
75129 1 1 1 1 1 1 1 1 1
75142 0 0 1 1 0 1 0 1 1
80090 1 0 1 0 1 0 0 0 0
62277 0 1 1 1 1 0 1 1 0
83506 1 0 1 1 1 1 1 1 1
76603 1 1 0 0 1 1 0 0 0
80338 0 0 0 1 0 0 1 0 0
79988 0 1 1 0 1 0 0 0 0
75128 0 0 1 0 0 0 1 1 1
77731 0 0 1 1 1 1 1 1 1
76605 1 1 1 0 0 0 0 1 0
76593 1 0 1 0 1 0 1 1 1
80106 0 1 1 0 0 1 0 1 1
71995 1 0 1 1 1 1 1 1 1
83520 0 0 0 0 1 1 0 1 1
83505 0 0 0 1 1 0 0 1 1
75137 1 1 1 0 1 1 1 1 1
75143 1 1 1 1 1 1 1 1 1
75131 0 1 1 1 1 1 1 1 1
71609 1 1 1 1 1 1 1 1 1
80000 1 0 1 1 0 1 1 0 1
74766 1 1 0 1 0 0 1 0 1
85213 0 0 1 1 1 1 0 1 0
79998 1 1 0 1 1 1 1 0 1
77763 1 1 1 1 1 1 1 1 1
75123 1 1 1 1 1 1 1 0 1
83526 1 1 1 0 1 1 0 1 1
74950 1 1 0 1 0 0 0 0 0
83802 0 0 0 0 0 0 0 0 0
80344 1 1 1 1 0 1 1 1 0
79987 1 1 1 1 1 1 1 1 0
80019 0 1 1 1 0 1 1 1 1
80007 1 1 1 1 1 1 0 1 0
83800 0 1 1 0 0 1 0 0 1
75145 1 1 1 1 1 1 1 1 1
79918 1 0 0 0 1 1 1 1 0
76613 1 1 1 1 1 1 1 1 1
79999 0 1 1 1 1 1 0 1 0
75124 1 1 1 0 1 1 1 1 1
75140 1 1 1 0 1 1 1 1 1
76650 0 0 1 1 0 0 0 0 1
79991 1 1 1 1 1 1 1 0 1
77729 1 0 0 0 0 0 0 0 0
65033 0 1 1 1 1 1 1 1 1
75146 0 1 1 1 0 1 1 1 1
80006 0 1 1 1 1 1 0 1 1
76589 1 1 1 1 1 1 1 1 1
79993 0 1 1 0 1 1 1 0 0
84516 0 0 1 0 0 1 0 0 0
73025 0 0 0 0 0 0 0 0 0
75980 0 1 0 0 0 1 1 0 0
77787 1 0 0 0 0 0 0 1 0
77788 1 0 1 0 0 1 0 1 0
79997 0 1 0 1 1 0 0 1 0
80005 1 0 1 1 1 1 0 1 0
83514 0 1 0 0 0 0 1 0 1
74608 0 0 0 0 1 0 0 1 0
76851 1 1 1 1 0 1 1 1 1
80346 1 1 1 1 1 1 0 1 1
75125 1 1 1 1 1 1 0 1 0
79992 0 1 1 0 1 1 1 1 1
75527 0 1 1 0 1 1 1 1 1
74169 0 0 0 1 0 1 0 0 0
77751 1 0 1 1 1 0 0 0 0
71571 0 0 1 0 1 0 0 1 0
76652 0 1 0 1 1 1 1 1 0
75148 1 1 0 1 1 1 1 1 0
80340 1 0 1 1 1 1 0 1 1
75781 0 0 0 1 0 0 0 0 0
